ep_returns,ep_lens
13.220181591550153,38.4
12.410348397593522,37.2093023255814
14.323669234397274,39.66942148760331
13.808168307987396,40.0
14.561653436851527,41.02564102564103
14.644981242891745,40.67796610169491
14.870750319057397,41.02564102564103
15.06979241252071,41.73913043478261
14.392336872213429,41.37931034482759
14.68523633304124,41.37931034482759
14.931648359055023,41.73913043478261
13.798560354528576,40.67796610169491
14.656545611345432,42.47787610619469
14.764168052921029,41.02564102564103
14.83128335608176,42.47787610619469
16.07502930526038,44.44444444444444
15.790466404639977,43.24324324324324
15.508893844259696,43.24324324324324
15.693589902025208,42.47787610619469
15.675565937076948,43.24324324324324
15.30186370662851,42.857142857142854
17.07340409656536,45.714285714285715
17.114318503544318,45.283018867924525
16.40742335430777,45.283018867924525
16.160390226357855,43.63636363636363
15.765120274613242,44.85981308411215
16.136577609123627,43.63636363636363
15.688561145570409,43.24324324324324
16.745331960573278,44.44444444444444
16.444821360848625,45.283018867924525
17.53524027572354,46.601941747572816
17.307619939184498,45.714285714285715
17.04967254486506,45.283018867924525
16.909598011079872,45.283018867924525
17.27809221387264,45.283018867924525
17.335510357782923,46.15384615384615
17.308244077612922,46.15384615384615
17.18742920780465,44.44444444444444
17.64132258936634,46.601941747572816
17.856668899634183,46.601941747572816
16.787390654667874,45.283018867924525
17.467712564348815,45.714285714285715
18.693389764164124,47.524752475247524
17.312978628921698,45.714285714285715
17.26967874101168,46.15384615384615
17.73167696900668,47.05882352941177
17.318558297624552,46.601941747572816
17.022381222841727,45.714285714285715
16.839883382008086,45.714285714285715
18.30926457577147,47.524752475247524
17.632481341044105,46.601941747572816
19.804226331314368,51.06382978723404
17.780327259646246,48.0
17.829385478280727,47.05882352941177
17.96956626260542,47.524752475247524
17.88818119723712,47.05882352941177
19.20595103854019,49.48453608247423
19.006859689459056,49.48453608247423
19.034184782612417,48.97959183673469
19.320138746956445,50.0
19.149607943864893,48.97959183673469
19.187950079040604,50.0
18.78897422047879,50.0
18.857442927728627,48.97959183673469
19.340701714272928,50.526315789473685
18.929939427241642,49.48453608247423
19.048393314254866,49.48453608247423
18.85345936103141,50.0
19.114756795597856,49.48453608247423
19.784026174862273,51.06382978723404
19.728241940167432,50.526315789473685
19.54086719670448,51.61290322580645
19.723864706723173,51.06382978723404
20.6718052879899,52.747252747252745
19.212130175459148,50.0
19.54550093253181,50.526315789473685
19.312803647295464,50.526315789473685
19.02210680460747,50.0
20.268809937916064,52.747252747252745
19.48351347177492,50.526315789473685
19.84784697090461,50.0
19.17305049144115,50.0
19.598787638175963,51.06382978723404
20.683750680063397,52.747252747252745
19.696355163249294,51.06382978723404
19.74733229220498,51.06382978723404
20.144623411951912,51.61290322580645
19.38319912639504,50.526315789473685
19.235363290393853,50.0
19.718695236219933,50.0
21.011490320828564,52.747252747252745
19.269883261560814,50.0
19.888659183467386,51.61290322580645
20.310089634780265,52.17391304347826
20.050847368593953,51.61290322580645
20.61139847874736,52.747252747252745
19.77403725685174,50.0
20.862067338075025,52.747252747252745
19.863782695763774,51.06382978723404
20.27778919172293,53.333333333333336
20.248139877917136,52.17391304347826
19.922746351875304,51.61290322580645
20.148536630303575,51.61290322580645
20.40482834332577,52.747252747252745
20.9579520349266,53.333333333333336
21.39226175693453,55.81395348837209
21.24427906230663,54.54545454545455
21.257912598575327,53.333333333333336
21.138335987425286,53.333333333333336
20.724072105095722,53.333333333333336
20.497645820628893,52.747252747252745
21.18490292159759,53.93258426966292
20.57161658053129,52.747252747252745
20.783603730320266,52.747252747252745
21.282049596529067,53.93258426966292
22.199880211386837,55.81395348837209
21.225825409928163,53.333333333333336
21.762297171634454,52.747252747252745
22.386288493026253,56.470588235294116
21.1946700758596,53.333333333333336
21.460204296705868,53.93258426966292
21.616376619491888,53.93258426966292
21.2452293579256,53.333333333333336
21.95854646607976,54.54545454545455
20.278956513452115,51.06382978723404
20.32218379040174,51.61290322580645
22.876651083518666,56.470588235294116
22.22112274733108,55.172413793103445
21.19297211547142,53.93258426966292
21.008770382913834,52.17391304347826
22.488001927541358,55.172413793103445
21.542186312981055,54.54545454545455
22.20700191658473,56.470588235294116
21.374652512564236,53.93258426966292
22.39870135468661,55.172413793103445
23.20191618789948,57.142857142857146
22.780291651653663,55.81395348837209
21.95305976745802,55.172413793103445
22.94880360386382,55.81395348837209
23.33323664180233,57.83132530120482
21.358300306879933,53.333333333333336
23.115436157658323,55.81395348837209
21.329916192351302,53.333333333333336
22.57751353489097,56.470588235294116
22.40257203286299,56.470588235294116
22.88383808636586,56.470588235294116
22.601999430457408,55.81395348837209
22.230176408245118,55.172413793103445
23.237774631322367,57.83132530120482
23.515873622388835,58.53658536585366
23.710365272120644,58.53658536585366
22.579760035034457,56.470588235294116
22.15670483719425,55.81395348837209
22.246594987662636,56.470588235294116
22.47238699064912,57.142857142857146
22.376439426200378,56.470588235294116
23.491372693566714,58.53658536585366
24.047056585454698,58.53658536585366
23.493883271763057,57.83132530120482
23.67221174602279,59.25925925925926
24.35682220934129,60.0
22.252146642649414,56.470588235294116
22.900667340172447,57.83132530120482
22.878547081359113,57.142857142857146
24.823456549251986,60.75949367088607
23.72062634766119,58.53658536585366
25.138173084520115,60.75949367088607
24.888100838435392,60.75949367088607
24.79981602877942,60.75949367088607
24.694942265669926,60.75949367088607
23.73366878125822,58.53658536585366
23.880588433152866,60.0
25.079782014849183,61.53846153846154
24.8016308685918,61.53846153846154
23.738794015107683,59.25925925925926
23.638049914320575,57.83132530120482
24.123654040020185,59.25925925925926
25.093011108799764,61.53846153846154
26.266210872646386,64.0
25.0225474213098,61.53846153846154
24.90494463278762,61.53846153846154
24.46145086925967,60.75949367088607
23.76686257440009,59.25925925925926
24.812181544172738,62.33766233766234
24.77319613176421,61.53846153846154
24.793053634937863,61.53846153846154
25.47988219584666,62.33766233766234
24.85094614533441,62.33766233766234
23.37367148633879,60.75949367088607
25.268116947454455,62.33766233766234
25.55608533387539,62.33766233766234
25.756654912305546,64.0
26.503110419664022,65.75342465753425
24.159866621739386,60.0
24.682857795527067,61.53846153846154
25.711884925804814,63.1578947368421
26.83117351111112,64.86486486486487
27.372767784924957,66.66666666666667
24.869893023796834,62.33766233766234
26.549364700534948,64.86486486486487
24.700915752453906,62.33766233766234
25.613813077166455,63.1578947368421
27.299012543027942,67.6056338028169
26.869696242088022,65.75342465753425
26.627730574255676,65.75342465753425
27.52969900214182,66.66666666666667
25.629675924328712,63.1578947368421
26.553691229239394,64.0
28.067132421290246,67.6056338028169
26.877395078275356,65.75342465753425
24.799960207162147,62.33766233766234
27.434172628973464,67.6056338028169
26.232611864617027,64.0
27.942295398456444,67.6056338028169
27.030891178950355,65.75342465753425
26.853838592823756,67.6056338028169
26.331971215721467,65.75342465753425
27.057276946429404,66.66666666666667
27.92971351614154,68.57142857142857
27.067597520996085,66.66666666666667
30.880470285481117,72.72727272727273
27.722269764766043,67.6056338028169
27.208877766460734,66.66666666666667
28.04015091564936,69.56521739130434
26.541749332860583,65.75342465753425
28.60378577467016,69.56521739130434
26.851897067560863,65.75342465753425
32.1823905848932,77.41935483870968
28.07889322083166,68.57142857142857
30.024668655014647,73.84615384615384
29.611463623821457,72.72727272727273
30.130477111289938,72.72727272727273
31.296941449052618,75.0
31.03827618548483,73.84615384615384
33.24806844304875,78.68852459016394
29.896965918795377,72.72727272727273
32.50848097263898,76.19047619047619
30.38586790063897,72.72727272727273
31.460924406918682,73.84615384615384
30.140452448784615,71.64179104477611
32.3820875510781,77.41935483870968
29.844084005142037,71.64179104477611
28.76082299986489,68.57142857142857
31.11734309931758,73.84615384615384
29.902917711410133,72.72727272727273
31.621005947232657,76.19047619047619
29.19246305829309,70.58823529411765
32.08146851221728,76.19047619047619
30.133608682424793,72.72727272727273
31.88108415241949,76.19047619047619
32.825328177842316,78.68852459016394
32.597489975044155,80.0
34.25056479250206,80.0
34.355796188141994,82.75862068965517
32.52537688150954,78.68852459016394
33.70452160998149,81.35593220338983
39.43376957722307,94.11764705882354
33.060042888789816,78.68852459016394
35.4208419067586,82.75862068965517
32.47772717870704,78.68852459016394
35.19863758853971,84.21052631578948
35.53348870348047,84.21052631578948
34.83903549053208,84.21052631578948
32.70965170778364,78.68852459016394
33.020859563347344,78.68852459016394
34.85028198675056,82.75862068965517
34.97294048945545,82.75862068965517
32.04087950963897,77.41935483870968
38.412716654715396,90.56603773584905
33.96033723763039,81.35593220338983
31.694633546220253,77.41935483870968
33.48215694828585,80.0
41.07197838709333,96.0
35.09478668905946,82.75862068965517
33.72355459126615,80.0
39.07849933889121,92.3076923076923
36.33984112801856,87.27272727272727
37.6579397935887,87.27272727272727
39.109958065460596,92.3076923076923
37.804133238689886,88.88888888888889
41.475018303375954,96.0
43.20136156090251,100.0
35.644213107398976,84.21052631578948
35.77669690265611,85.71428571428571
38.426993335860935,90.56603773584905
41.15475135851281,96.0
45.32574543800709,104.34782608695652
38.59543152100523,90.56603773584905
39.37345172486499,94.11764705882354
35.26135917345584,84.21052631578948
35.17485178191586,82.75862068965517
40.374107799601084,92.3076923076923
43.17472575509256,100.0
41.804077487487525,97.95918367346938
43.61044627812946,102.12765957446808
42.914515416994625,100.0
41.54254472488663,96.0
38.62427366523359,90.56603773584905
37.33941878098271,88.88888888888889
42.09395070397183,97.95918367346938
43.62588485727183,102.12765957446808
41.97647582254551,96.0
40.89615529442633,96.0
43.85921351340546,100.0
44.18002620573594,102.12765957446808
35.349649284918236,84.21052631578948
43.2004375635127,102.12765957446808
38.02521456509894,92.3076923076923
39.52477018586505,94.11764705882354
44.28036155595348,104.34782608695652
41.472656311002346,100.0
44.223690636543616,102.12765957446808
41.38371317576473,96.0
41.286537605853034,96.0
58.07262934503173,133.33333333333334
40.709223591032355,96.0
41.061511757495516,97.95918367346938
48.4631823139639,114.28571428571429
44.631775435906505,104.34782608695652
39.66028699928155,94.11764705882354
43.12440179615785,100.0
41.58279159060373,97.95918367346938
47.90884727991733,111.62790697674419
41.20073091532886,96.0
51.256779534262336,117.07317073170732
35.22055097211264,84.21052631578948
44.89954269936443,104.34782608695652
49.57996108929474,114.28571428571429
46.902597138763305,111.62790697674419
52.531350615748195,123.07692307692308
49.04410568802351,114.28571428571429
51.61761729048104,117.07317073170732
48.35828065914804,111.62790697674419
48.20223026043165,117.07317073170732
51.619581403771875,120.0
52.15154129871749,123.07692307692308
59.78976256347309,137.14285714285714
50.881654871902626,120.0
51.065465544938,117.07317073170732
47.07503312745012,111.62790697674419
45.47120727019839,109.0909090909091
55.489079609478146,129.72972972972974
62.22502958471702,141.1764705882353
53.62649185234134,126.3157894736842
40.813602199506064,97.95918367346938
50.021368750262745,117.07317073170732
48.524563987001365,114.28571428571429
46.471912987352546,111.62790697674419
44.281352509334894,106.66666666666667
45.18575057202342,106.66666666666667
39.74036436139586,94.11764705882354
40.09666841285973,97.95918367346938
48.73419948027913,114.28571428571429
46.43826866995625,109.0909090909091
47.70963259128806,114.28571428571429
49.306048618261826,117.07317073170732
52.118151388379815,120.0
45.309205004804134,106.66666666666667
68.43423843881638,154.83870967741936
53.72976139228344,126.3157894736842
64.92626562308267,145.45454545454547
53.32690776535516,126.3157894736842
55.35392531724821,129.72972972972974
48.390951274180786,111.62790697674419
58.08306998697445,133.33333333333334
46.42571423568581,109.0909090909091
44.14274136770067,104.34782608695652
63.122781054582234,141.1764705882353
48.63254045975414,114.28571428571429
59.35812680270562,133.33333333333334
47.487740688798226,111.62790697674419
53.1861257983565,123.07692307692308
50.799708720622974,120.0
62.86713424634905,145.45454545454547
63.32183734337385,141.1764705882353
54.26377582284242,126.3157894736842
42.29196880266073,100.0
49.0579578038905,117.07317073170732
53.765083419908876,126.3157894736842
52.1634845556761,120.0
51.240874434961164,120.0
60.37074190659281,137.14285714285714
62.08718832745758,141.1764705882353
79.95095628928799,177.77777777777777
51.656890832377556,120.0
67.45678133526897,154.83870967741936
83.3781364858531,184.6153846153846
62.04947080371418,141.1764705882353
48.83354543232987,114.28571428571429
46.715868765984794,114.28571428571429
49.09537157968368,117.07317073170732
55.17726539953639,129.72972972972974
50.95718028229864,120.0
69.73696460876906,160.0
49.66583835745636,120.0
57.020936446673595,133.33333333333334
45.551802831353655,111.62790697674419
74.89685359845107,171.42857142857142
54.001663303402914,126.3157894736842
55.08261300683061,129.72972972972974
52.538036413803354,126.3157894736842
51.5881017573219,123.07692307692308
62.326854979194565,145.45454545454547
54.09733987261097,126.3157894736842
64.3170847441718,150.0
69.52118320848227,160.0
53.029588057710114,123.07692307692308
60.865245817134046,141.1764705882353
65.32127357408426,154.83870967741936
62.52806031077263,145.45454545454547
52.09017061087689,123.07692307692308
66.03537420731183,150.0
60.15515531565389,137.14285714285714
47.828865886490306,111.62790697674419
54.15631120166339,126.3157894736842
81.0587526831692,184.6153846153846
61.10755963879581,141.1764705882353
68.15326282997319,154.83870967741936
50.60052031694439,120.0
64.37909006918181,150.0
62.502829678145325,141.1764705882353
71.6698763027128,165.51724137931035
51.247908742458705,120.0
46.78618780739051,111.62790697674419
52.74522329239057,123.07692307692308
56.6386002334663,133.33333333333334
67.77937250768204,154.83870967741936
52.919336605728844,126.3157894736842
54.14449342505205,126.3157894736842
78.5468881450327,177.77777777777777
61.467638173408766,141.1764705882353
55.893039596094255,129.72972972972974
57.50131589466935,133.33333333333334
65.20531599107544,145.45454545454547
75.62064213575695,171.42857142857142
70.22182084605646,160.0
52.1486890153944,123.07692307692308
48.672937555276434,114.28571428571429
68.4950230365679,154.83870967741936
57.123728163518166,133.33333333333334
64.86606213816428,150.0
56.56497516440728,129.72972972972974
51.85768174629379,120.0
66.63119952003903,154.83870967741936
61.75969864491861,141.1764705882353
53.09917849478659,123.07692307692308
70.93693897495746,160.0
65.62323013056422,150.0
86.15300713785146,192.0
59.71727991733895,137.14285714285714
93.27253397955818,208.69565217391303
78.92568327771401,177.77777777777777
56.73462460388104,133.33333333333334
78.09036236618222,177.77777777777777
70.54557487774052,160.0
75.79445464561657,171.42857142857142
67.30139583430748,154.83870967741936
68.12798216086017,154.83870967741936
84.49194809475256,192.0
60.78388997185401,141.1764705882353
61.40232770556172,141.1764705882353
65.22207918707495,150.0
57.386521108060606,133.33333333333334
81.27146137668423,184.6153846153846
52.733592725522726,123.07692307692308
67.28157379362918,154.83870967741936
64.56940120761082,145.45454545454547
74.8712149349285,171.42857142857142
62.786690267948266,145.45454545454547
72.82577509647047,165.51724137931035
62.87013536500808,145.45454545454547
65.41346638062078,150.0
74.69332165528091,165.51724137931035
73.91487523296,165.51724137931035
70.21203473403651,160.0
86.50200108188241,192.0
61.57533126559082,145.45454545454547
60.67852495091902,141.1764705882353
57.26200474700488,137.14285714285714
81.76298257936355,184.6153846153846
59.763352476954566,137.14285714285714
69.41162095924247,160.0
66.85056554648256,154.83870967741936
69.07164089284169,160.0
68.83975092175874,154.83870967741936
62.54117360004773,145.45454545454547
62.25132489395934,145.45454545454547
50.68771741499712,120.0
57.97698957022851,137.14285714285714
61.802999937841314,141.1764705882353
59.118843491187015,137.14285714285714
69.41184119041483,160.0
71.91039576953887,160.0
61.935623424187966,141.1764705882353
60.36429303595149,141.1764705882353
55.49392783038927,129.72972972972974
68.93036477360448,160.0
71.45103974126145,165.51724137931035
66.46866051848845,150.0
71.56773358653396,160.0
83.33394171747176,192.0
64.75559117145689,150.0
70.91059939997288,160.0
56.33936519941355,129.72972972972974
74.3195530810801,165.51724137931035
85.69221062459079,192.0
65.60847994044076,154.83870967741936
73.08610116217041,165.51724137931035
84.05183866124176,192.0
59.606650932879674,137.14285714285714
77.19602723050444,171.42857142857142
79.49177067210746,177.77777777777777
57.8582603070167,133.33333333333334
70.37534125439372,160.0
73.89136803209254,165.51724137931035
76.01231458010939,171.42857142857142
76.25001166554718,171.42857142857142
84.66995843390727,192.0
96.69502420367077,218.1818181818182
60.16532237026289,141.1764705882353
65.01237219467325,150.0
78.7294110007491,177.77777777777777
52.61940563658515,126.3157894736842
77.25893244484475,177.77777777777777
65.12181061020972,150.0
84.08560428045952,192.0
63.6667873206453,145.45454545454547
68.15447504657988,160.0
62.34192013879449,150.0
69.87241572866468,160.0
63.16192150556486,145.45454545454547
62.941237301670746,150.0
72.12770309433435,165.51724137931035
73.4170403605641,171.42857142857142
73.78544778331798,171.42857142857142
93.35111173378039,208.69565217391303
84.0524651030273,192.0
66.86802896805258,154.83870967741936
69.54905491892244,160.0
77.75445963611139,177.77777777777777
64.3714954940862,150.0
66.53337468942317,154.83870967741936
69.22473582278849,160.0
79.1096624140746,184.6153846153846
62.89409723992084,145.45454545454547
73.79028490933895,171.42857142857142
72.40272380782149,165.51724137931035
80.41804184044844,184.6153846153846
76.58193899701712,177.77777777777777
79.6705745095621,184.6153846153846
61.258116865980526,145.45454545454547
84.0578900830587,192.0
101.08762387412655,228.57142857142858
98.97024313228145,218.1818181818182
88.86188245425694,200.0
72.30792045453178,165.51724137931035
63.7818311770756,145.45454545454547
74.4891286247491,177.77777777777777
72.69074441773003,165.51724137931035
78.46114727214542,184.6153846153846
74.82043696283033,171.42857142857142
73.33293905165898,171.42857142857142
101.28183914876192,228.57142857142858
84.56900672963188,192.0
91.08383780905413,208.69565217391303
84.17166652793858,192.0
78.22329252878028,184.6153846153846
94.07116827101362,218.1818181818182
79.12989640310698,184.6153846153846
97.68785169708018,218.1818181818182
81.87579576852565,192.0
105.83015230898415,240.0
86.360973278499,200.0
80.95307696265745,192.0
80.59560376696989,192.0
110.89126549754957,252.6315789473684
84.7203684464938,200.0
82.26596648047189,192.0
94.89005553806663,218.1818181818182
80.02055084854973,184.6153846153846
84.43910911315128,192.0
88.73245531859683,208.69565217391303
71.71590413678379,171.42857142857142
83.38482149745204,200.0
82.45639357148416,192.0
95.31986715201197,218.1818181818182
118.96059457086858,266.6666666666667
103.9318335056864,240.0
116.19246716813453,266.6666666666667
74.58790486748208,171.42857142857142
91.94860693440343,208.69565217391303
111.88121196594165,252.6315789473684
91.66176721343378,218.1818181818182
81.78628838122235,192.0
81.03620165338083,192.0
133.53268533491718,300.0
70.00965947258865,171.42857142857142
99.42073850062805,228.57142857142858
94.69593825209749,218.1818181818182
80.65912097737409,192.0
89.76697012304425,208.69565217391303
72.88424453888001,171.42857142857142
111.26443755833189,252.6315789473684
64.73106358501344,154.83870967741936
89.97919346607063,208.69565217391303
88.22972817040157,208.69565217391303
89.17628853595083,208.69565217391303
61.9889100101138,150.0
84.9637099768294,200.0
97.31989932214495,228.57142857142858
104.76195262261368,240.0
98.14784547317645,228.57142857142858
104.42617561796685,240.0
83.32219510136576,200.0
96.15891359397877,228.57142857142858
133.77531965206668,300.0
103.36574725076267,240.0
88.75847833278644,208.69565217391303
103.18518167066296,252.6315789473684
87.8856787263833,208.69565217391303
79.5559038619146,192.0
110.61969930698383,252.6315789473684
81.72409240424746,200.0
103.91827797292585,240.0
118.85831890766066,282.3529411764706
123.86158504728743,282.3529411764706
91.95840294204328,218.1818181818182
106.82446751069374,252.6315789473684
100.08930352558825,228.57142857142858
127.277948144065,300.0
102.2557491969207,240.0
109.33227173304397,252.6315789473684
123.9148957025069,282.3529411764706
114.79288102870765,266.6666666666667
76.90719700000491,184.6153846153846
89.06557682002646,208.69565217391303
128.3178868362167,300.0
92.10752277076234,228.57142857142858
118.90991326414083,282.3529411764706
102.48428437653976,240.0
120.11104879538986,282.3529411764706
79.25437163803477,192.0
108.84643589426447,252.6315789473684
110.18918654733629,252.6315789473684
110.78997214987275,252.6315789473684
120.51276987198533,266.6666666666667
81.89320159987163,192.0
170.50218920868514,369.2307692307692
118.16880162245528,266.6666666666667
94.89681816088665,228.57142857142858
83.54299709738916,192.0
109.74022948935435,252.6315789473684
121.27937306904379,266.6666666666667
106.99935798331205,252.6315789473684
99.99605202407163,228.57142857142858
95.80450211423832,228.57142857142858
124.61715100249427,282.3529411764706
90.62873244832737,218.1818181818182
88.09552157697344,208.69565217391303
97.39112258867247,228.57142857142858
119.3657378871852,282.3529411764706
99.52579207132158,240.0
74.98770187263045,184.6153846153846
109.15188849258499,266.6666666666667
143.40835975476205,320.0
72.35765269873164,177.77777777777777
153.87255684133606,342.85714285714283
97.55899935190516,240.0
111.77135530034587,266.6666666666667
124.4007393773734,282.3529411764706
103.70294036876388,240.0
110.31486134339094,266.6666666666667
97.59262568669176,240.0
101.93179775154019,240.0
94.78574705836549,228.57142857142858
79.4574695925213,192.0
96.13508032711815,228.57142857142858
87.36204883434063,208.69565217391303
89.97377961658414,218.1818181818182
91.97310356834453,218.1818181818182
93.7332681043742,218.1818181818182
92.55600326199615,218.1818181818182
99.2597384119688,240.0
106.46140415481305,252.6315789473684
92.43936947471121,218.1818181818182
100.4318641176466,240.0
122.65655898438678,282.3529411764706
108.59343345145781,252.6315789473684
90.71170438984903,218.1818181818182
75.33209860470487,177.77777777777777
70.88236976363996,171.42857142857142
97.63793393967708,228.57142857142858
114.0072974128484,266.6666666666667
86.06271370232523,208.69565217391303
103.85567675956284,240.0
119.48970358748254,282.3529411764706
90.50958388992109,218.1818181818182
84.59712177980657,200.0
132.73415332936088,300.0
102.24032192993354,240.0
77.23469775647888,184.6153846153846
80.60586932519637,192.0
57.82388965791867,141.1764705882353
90.7888539701704,218.1818181818182
94.10398381303315,218.1818181818182
94.80510497988588,218.1818181818182
81.58365725960296,192.0
75.75706314147332,184.6153846153846
71.3997169574474,171.42857142857142
96.85961202121618,228.57142857142858
96.33927398067878,228.57142857142858
85.80657501337025,200.0
69.06655711917249,165.51724137931035
101.7960224856621,228.57142857142858
81.67766790186145,192.0
99.01013680317324,228.57142857142858
128.32075007947208,300.0
134.69145559238126,320.0
106.46943028978504,252.6315789473684
82.35705598875828,192.0
110.94060821432977,266.6666666666667
90.50205094975134,218.1818181818182
135.80060869235922,320.0
101.55488141313646,252.6315789473684
111.76738917581402,266.6666666666667
138.13547935473017,320.0
111.99418046241038,266.6666666666667
97.52610176509499,228.57142857142858
115.86739393906487,266.6666666666667
92.54998006007396,218.1818181818182
112.9031650530677,266.6666666666667
107.43067459128233,266.6666666666667
115.85305200424169,282.3529411764706
97.87314541440503,228.57142857142858
120.0483534158223,300.0
175.7044189417269,400.0
121.91630810257534,300.0
100.77589276486012,240.0
115.86935612674552,282.3529411764706
98.05833357767227,240.0
150.20558084796963,342.85714285714283
91.9604563658846,228.57142857142858
134.3359176835806,320.0
117.16574017353717,282.3529411764706
140.47862879153195,342.85714285714283
119.1949584571547,282.3529411764706
103.41733184012476,266.6666666666667
111.83040007686822,266.6666666666667
116.19070254741142,282.3529411764706
97.40901412957189,240.0
110.64637479986648,266.6666666666667
113.86588553816424,282.3529411764706
125.36869685087437,282.3529411764706
90.27931814683649,218.1818181818182
119.12205738318914,282.3529411764706
129.99253037521206,300.0
112.42543620152912,266.6666666666667
89.64583758754965,218.1818181818182
124.68676065669257,282.3529411764706
123.46130451193513,282.3529411764706
98.4579537186897,228.57142857142858
111.72835557730293,252.6315789473684
92.32713896659929,218.1818181818182
109.52992334935142,252.6315789473684
91.87855191882555,218.1818181818182
143.23668405905224,320.0
96.54255106165881,228.57142857142858
88.51714483639476,208.69565217391303
112.46987245026166,266.6666666666667
105.87953534813911,252.6315789473684
94.95609470714571,218.1818181818182
104.0328371543988,252.6315789473684
94.77139635561885,228.57142857142858
109.58868145334931,266.6666666666667
119.9583780722597,282.3529411764706
134.76270960440414,320.0
102.83154055426311,252.6315789473684
117.23180165995929,282.3529411764706
108.1587626680201,252.6315789473684
127.5933507424749,300.0
124.88927868431085,300.0
119.82293633457412,282.3529411764706
127.53514340110132,300.0
119.95952426090771,282.3529411764706
111.36162768712794,266.6666666666667
100.86748667454347,240.0
120.4020709880225,300.0
106.96610848098685,252.6315789473684
104.13412571815044,240.0
136.0658773484711,342.85714285714283
105.13436358402969,252.6315789473684
100.96549314980474,240.0
136.58150720948444,320.0
116.37605995626124,266.6666666666667
101.0978827813007,240.0
113.99121636500824,266.6666666666667
106.29385793770108,252.6315789473684
97.45794168835468,240.0
98.2314668204253,240.0
94.11924849876264,228.57142857142858
95.98209902845473,228.57142857142858
84.99866505370832,208.69565217391303
125.11349244006138,300.0
127.39118240443993,320.0
103.11415106753557,252.6315789473684
102.77777483351807,240.0
121.76373017166937,282.3529411764706
170.24721196680517,369.2307692307692
104.81872570428081,252.6315789473684
141.55959671941486,320.0
135.34493977625647,320.0
120.97751312628631,282.3529411764706
110.02466717281798,252.6315789473684
108.70959423350386,252.6315789473684
92.02162682285945,218.1818181818182
102.68402860186339,240.0
96.30021873621476,228.57142857142858
115.63495423841499,266.6666666666667
110.69726717011558,252.6315789473684
118.064013981322,266.6666666666667
96.40440378855085,228.57142857142858
122.61412897392545,282.3529411764706
102.68501873581276,240.0
148.3573286599517,342.85714285714283
116.24183942098065,282.3529411764706
120.6281127651017,282.3529411764706
123.26182762214367,282.3529411764706
113.02616476482184,266.6666666666667
141.68605376008728,342.85714285714283
128.20542340859248,300.0
140.47719083242652,320.0
128.45668011712002,320.0
132.95396929100693,320.0
120.89565626764563,282.3529411764706
118.67808951057854,282.3529411764706
107.87737531056962,252.6315789473684
94.68083650834006,228.57142857142858
104.69408939622274,240.0
126.10283943579658,300.0
134.57938952904323,320.0
169.56107337208587,400.0
93.8373619625216,228.57142857142858
99.67755565838213,240.0
99.25282437584089,240.0
136.86113568452967,342.85714285714283
126.55417544732072,300.0
130.3712148913832,320.0
149.05982831408514,342.85714285714283
123.51426735467955,282.3529411764706
129.51943230270274,300.0
123.03066395567598,300.0
118.27395434447493,282.3529411764706
109.40857818212646,252.6315789473684
141.7396751958211,342.85714285714283
118.41422405038553,282.3529411764706
156.86536353187788,369.2307692307692
166.53265833374869,369.2307692307692
120.07307004579498,282.3529411764706
141.44734411657018,342.85714285714283
148.0265599287807,342.85714285714283
103.12382492741646,252.6315789473684
141.2364921922609,320.0
130.12969394230575,300.0
111.51852193450442,266.6666666666667
119.74345221640785,282.3529411764706
153.94420748512084,342.85714285714283
122.64901853758715,300.0
114.3084726470198,266.6666666666667
102.43898439726983,252.6315789473684
117.17134716115001,282.3529411764706
133.34895565130748,320.0
119.14978078937388,282.3529411764706
103.7264313774239,240.0
101.98611116779882,240.0
121.43417017781952,282.3529411764706
104.04794389135235,252.6315789473684
120.38856423585602,300.0
110.52158742878008,266.6666666666667
133.38321639054035,300.0
119.6393515792803,282.3529411764706
125.59233690374892,282.3529411764706
121.99283920881375,300.0
151.72646088986383,342.85714285714283
146.31427617419055,342.85714285714283
107.26688404570199,252.6315789473684
95.00995723158879,228.57142857142858
152.36327754706676,342.85714285714283
85.9149930432061,208.69565217391303
114.94569818441542,282.3529411764706
125.90953582616915,300.0
115.73557890314116,282.3529411764706
139.25805320724925,320.0
130.3805388306298,300.0
127.65508471732232,300.0
145.9570718408816,342.85714285714283
144.99674067766512,342.85714285714283
130.8372445777308,300.0
143.21982645960665,342.85714285714283
115.7592592328896,282.3529411764706
149.63226838468424,342.85714285714283
103.72465097566398,266.6666666666667
149.9652912127758,342.85714285714283
131.08743900986005,320.0
118.89403306563725,282.3529411764706
159.16883762533305,369.2307692307692
117.13830220326682,282.3529411764706
146.02533301987586,342.85714285714283
134.51988249797262,320.0
101.59858985484715,252.6315789473684
104.58132966711541,252.6315789473684
128.60870634466733,300.0
118.65247066340001,282.3529411764706
105.3391924796586,252.6315789473684
129.1620337001449,300.0
106.55045700478323,252.6315789473684
93.94018656595739,228.57142857142858
136.9801435956135,320.0
110.74888436875386,266.6666666666667
121.02497760215068,282.3529411764706
107.73873383197962,266.6666666666667
122.64368226014437,282.3529411764706
93.1068881589769,228.57142857142858
130.32993141838213,300.0
104.2429746427375,252.6315789473684
109.16697105421403,252.6315789473684
103.76511368446491,252.6315789473684
111.43853794875722,266.6666666666667
116.38395081158718,266.6666666666667
139.65311011378907,320.0
138.10722952116944,320.0
129.34792439224964,300.0
84.42079474254435,208.69565217391303
128.46817388407635,300.0
98.39345430265972,228.57142857142858
140.49181888475064,320.0
88.3977880491586,208.69565217391303
114.89224485778813,266.6666666666667
127.13501151275456,300.0
106.88544627171426,252.6315789473684
115.35956159587317,266.6666666666667
114.79325455890775,266.6666666666667
130.49422294369444,300.0
141.04320092611306,320.0
101.29443145675418,240.0
128.67178827449027,300.0
135.03600168413584,320.0
122.53831713008628,282.3529411764706
113.70335997344075,266.6666666666667
120.63042001166396,282.3529411764706
144.00131369664646,320.0
137.0358301843901,320.0
132.1184711746973,300.0
86.60821527837209,208.69565217391303
107.6070573647958,252.6315789473684
119.39406478189386,282.3529411764706
96.06383046518258,228.57142857142858
120.71016335156786,282.3529411764706
124.04842576739526,282.3529411764706
102.83242928616423,240.0
138.52923396223437,320.0
112.54145607340935,266.6666666666667
112.46660355762302,266.6666666666667
119.04172718484342,300.0
152.55819479162645,342.85714285714283
133.49293906144754,300.0
121.53421012746246,282.3529411764706
114.11024301476603,266.6666666666667
126.75184740391585,300.0
126.2302977984244,300.0
108.4395439274477,252.6315789473684
134.173201327515,320.0
123.38827052428014,282.3529411764706
130.1500241854938,300.0
161.10694229691973,369.2307692307692
104.97332710488902,240.0
90.94598410985374,218.1818181818182
107.29940271648046,252.6315789473684
116.33231084183528,266.6666666666667
115.22732170147785,266.6666666666667
135.15467647944007,300.0
175.52818190006897,400.0
132.7148763252868,300.0
112.02306253449188,266.6666666666667
108.71914438362761,266.6666666666667
116.28373534080535,266.6666666666667
109.12341155505118,252.6315789473684
91.70805935809913,218.1818181818182
152.3872343998837,342.85714285714283
144.63517861550312,320.0
112.66320866706009,282.3529411764706
141.84507908909256,320.0
90.70024625239158,218.1818181818182
83.3701099229592,200.0
114.10364627345507,266.6666666666667
131.424022304216,300.0
127.94404025499955,300.0
110.64922038618522,266.6666666666667
177.40162804863465,400.0
148.58966316058763,342.85714285714283
109.01241622943493,252.6315789473684
103.33575679476682,240.0
104.1410746982646,240.0
154.79274431063644,342.85714285714283
96.12975111935329,228.57142857142858
129.8351729741162,300.0
127.87350562635837,300.0
128.5155409861493,300.0
118.83423601890098,282.3529411764706
131.78599632465668,300.0
135.55932248176282,320.0
153.23172638459047,342.85714285714283
119.79024619491517,282.3529411764706
141.0328263252708,320.0
149.6544705458924,342.85714285714283
152.11948971605736,342.85714285714283
129.65861833249167,300.0
142.5137888377658,320.0
136.2170801111312,320.0
103.97232935118738,240.0
163.09410681615574,369.2307692307692
129.12166425135,300.0
127.16970976874813,300.0
118.79075510657616,282.3529411764706
115.57399666246341,266.6666666666667
121.58879590809138,282.3529411764706
115.83253643992118,266.6666666666667
132.2503416529849,300.0
120.96546724046527,282.3529411764706
152.15773550047356,342.85714285714283
131.38893468503147,300.0
140.50158434503365,320.0
136.7897459660333,320.0
150.52904662363966,342.85714285714283
126.58653267134162,300.0
128.83078873391463,300.0
127.01173862041726,282.3529411764706
131.20108512618708,300.0
174.65106391574932,400.0
129.1877318514662,300.0
111.97642329887451,266.6666666666667
130.93888217500313,300.0
99.85466666368433,240.0
121.590767910208,282.3529411764706
127.81339003002388,320.0
113.53390326290119,266.6666666666667
140.73194384744693,320.0
136.54983909133503,320.0
129.92115741474572,300.0
163.930584495917,369.2307692307692
142.02962729135075,320.0
146.24232588210245,320.0
138.50497517185758,320.0
129.22351661473203,300.0
127.21324361992933,300.0
133.74170980380228,300.0
119.77767579671891,282.3529411764706
127.86619282963403,300.0
147.07193099356974,342.85714285714283
150.15553139087118,342.85714285714283
126.24232374012374,300.0
125.74850543441539,300.0
121.31319650717347,282.3529411764706
120.26933366355449,300.0
170.57623129235753,400.0
157.35083629736474,369.2307692307692
118.32194787981487,282.3529411764706
139.19882955282887,320.0
125.04697406480719,300.0
159.14079997383686,369.2307692307692
151.46506034856426,342.85714285714283
166.16265740681678,369.2307692307692
136.703339950936,320.0
152.07263566997477,342.85714285714283
139.97766908756287,320.0
150.5073218247052,342.85714285714283
139.02874783202327,320.0
162.67621747430354,369.2307692307692
107.83829388178238,252.6315789473684
161.86769898404387,369.2307692307692
167.65525798108044,369.2307692307692
174.21215100781933,400.0
164.7073323668763,369.2307692307692
144.38993827897377,320.0
129.37342084404025,300.0
151.90585972884227,342.85714285714283
146.6898695651978,342.85714285714283
116.41636939618985,266.6666666666667
150.6763955665288,342.85714285714283
113.7812522681341,266.6666666666667
151.0782251345307,342.85714285714283
135.97539338744278,320.0
180.6027236471909,400.0
134.5337691416858,300.0
98.09919209239693,228.57142857142858
146.67758892078606,342.85714285714283
138.9154911487395,320.0
152.32073081165518,342.85714285714283
121.53989986610165,282.3529411764706
151.8570482162706,342.85714285714283
114.23749108525311,266.6666666666667
154.00095388307597,342.85714285714283
123.20131300322664,282.3529411764706
140.82380119800277,320.0
101.28781016869327,240.0
128.35079709826454,300.0
103.28499180439933,240.0
150.619269374084,342.85714285714283
115.12855731914712,266.6666666666667
122.71063226038156,282.3529411764706
153.89483750840915,342.85714285714283
132.010803260434,300.0
132.264699169231,300.0
153.2438599663631,342.85714285714283
142.54279226064196,320.0
157.9508465117207,342.85714285714283
135.21526479491746,300.0
157.53455847170156,342.85714285714283
142.11723844573527,320.0
152.3091367570403,342.85714285714283
113.9615789869668,266.6666666666667
110.63300638026304,252.6315789473684
158.66804443438397,342.85714285714283
115.60050478351597,266.6666666666667
167.69560488038482,369.2307692307692
130.06140452971914,300.0
101.85024704620233,240.0
123.61254855061586,282.3529411764706
137.55441754276492,320.0
122.10103040041106,282.3529411764706
123.85078937169052,282.3529411764706
142.74494338148085,320.0
116.54763881485802,266.6666666666667
115.9020579560344,266.6666666666667
132.32514028518446,300.0
132.14132157927003,300.0
115.07673918047281,266.6666666666667
103.43048998677875,240.0
139.74723362779295,320.0
148.48115902490593,320.0
143.1575966808067,320.0
148.58686619202263,342.85714285714283
156.0649798929174,342.85714285714283
125.78019023268449,282.3529411764706
120.35378618686636,282.3529411764706
178.20212886765125,400.0
123.80537187812524,282.3529411764706
156.62385134358382,342.85714285714283
154.36417610096277,369.2307692307692
126.0979466483144,282.3529411764706
143.26601555050723,320.0
125.92634752827534,282.3529411764706
123.82794764994681,282.3529411764706
101.0696257640686,240.0
111.80679156571935,252.6315789473684
142.21910411508682,320.0
127.51044376106225,300.0
141.75971718491283,320.0
118.46529762781009,266.6666666666667
149.27489210678095,342.85714285714283
116.17253759879537,266.6666666666667
109.2057126522894,252.6315789473684
150.37682380996782,342.85714285714283
171.43448841458377,369.2307692307692
135.21378366109934,300.0
108.68052604821175,252.6315789473684
117.01185707022493,266.6666666666667
121.17798641334272,282.3529411764706
135.78836428451731,300.0
144.0419156053439,320.0
99.02016062919704,228.57142857142858
123.56982678705123,282.3529411764706
134.37905572245987,320.0
120.83470594161508,282.3529411764706
122.8153982780312,282.3529411764706
135.3626988931399,300.0
141.0068228231245,320.0
161.49048436863325,369.2307692307692
139.8128131474087,320.0
125.22246402972236,282.3529411764706
138.30069674435921,320.0
126.9950053487437,300.0
115.91256924086626,282.3529411764706
129.32914773658808,300.0
130.53248141067272,300.0
143.31593012453698,320.0
106.39453447579255,252.6315789473684
102.11216334172607,240.0
113.26699797515002,266.6666666666667
104.85048764453833,252.6315789473684
138.70986185082265,320.0
177.7401604188534,400.0
113.42277432813555,266.6666666666667
147.2899729282552,342.85714285714283
112.90954893110546,266.6666666666667
163.4630854919162,369.2307692307692
120.30454112544822,282.3529411764706
175.618270818549,400.0
122.06020938401844,282.3529411764706
134.44326727624414,320.0
159.5164793593152,369.2307692307692
128.96516598479042,300.0
127.7446955116473,300.0
146.6657787914439,342.85714285714283
143.56985805873836,320.0
162.1353784089985,369.2307692307692
122.6082274090901,282.3529411764706
153.35573722029287,342.85714285714283
160.87168773569323,369.2307692307692
143.2195271534196,320.0
148.39497578642036,342.85714285714283
136.2517467897791,320.0
105.9154392988873,252.6315789473684
133.08034993331586,300.0
134.77727235272263,320.0
160.65191309426262,369.2307692307692
147.10892368645048,342.85714285714283
142.03515051501674,320.0
148.33102264705994,342.85714285714283
149.3219190262625,342.85714285714283
137.30530060247025,320.0
129.99209360041613,300.0
138.35448944122922,320.0
160.28429030780083,369.2307692307692
158.64468008392987,369.2307692307692
141.78731157566108,320.0
132.27687113661614,300.0
134.97304083427164,320.0
102.9595909917341,240.0
169.24715632740558,400.0
145.5232872444438,342.85714285714283
154.9355732998782,342.85714285714283
155.43593407871353,342.85714285714283
118.95701725353054,282.3529411764706
134.08112326294065,300.0
135.21642979336525,320.0
123.77586037528533,282.3529411764706
177.1904884989693,400.0
137.5340059648032,320.0
156.02515237861084,342.85714285714283
143.3311009813081,320.0
132.21391262059478,300.0
158.07380931636155,369.2307692307692
146.80984312263112,342.85714285714283
143.12689873417293,320.0
159.8201356190528,369.2307692307692
129.84496174327725,300.0
149.96679948781178,342.85714285714283
152.04543464324908,342.85714285714283
120.65093976841453,282.3529411764706
132.06489103314115,300.0
144.90729031388236,320.0
117.29860140130776,282.3529411764706
164.1431898436478,369.2307692307692
164.74817874408922,369.2307692307692
150.00857845809023,342.85714285714283
119.48499901965462,282.3529411764706
142.29945148865716,342.85714285714283
156.8518870791058,369.2307692307692
152.5608600271252,342.85714285714283
154.2097553692918,342.85714285714283
169.7983476327223,369.2307692307692
138.88915594122116,320.0
135.751109755169,320.0
163.37991075676376,369.2307692307692
132.57961607961425,300.0
162.56290219785845,369.2307692307692
126.83227687887512,300.0
135.53423098390874,300.0
110.66620161662132,266.6666666666667
131.17495504958603,300.0
168.93487821585103,369.2307692307692
142.17903595189915,320.0
178.0850510141652,400.0
141.69508937393363,320.0
151.39230222704435,342.85714285714283
116.27261437941353,266.6666666666667
137.2827059672243,320.0
168.0891746417117,369.2307692307692
125.69362275182061,300.0
124.80315346279649,282.3529411764706
141.44468436801756,320.0
150.9145298850554,342.85714285714283
150.90148424736208,342.85714285714283
122.01769911849863,282.3529411764706
131.05861316660383,300.0
138.5619887177093,320.0
175.88508098912516,400.0
130.8025395223962,300.0
144.5325503445106,320.0
150.706254786463,342.85714285714283
139.2585388202664,320.0
158.67019686727969,369.2307692307692
130.88577774837637,300.0
149.09021032271704,342.85714285714283
169.9580000968032,369.2307692307692
156.8779522222827,342.85714285714283
116.38121334729463,266.6666666666667
114.04618785643136,266.6666666666667
147.87776964950817,342.85714285714283
131.49503157495647,300.0
115.75932381869494,266.6666666666667
127.58375292882556,300.0
142.87979410864463,320.0
139.6261906607915,320.0
130.95755027543166,300.0
165.49587871180594,369.2307692307692
153.93925426270883,342.85714285714283
171.10790530002257,369.2307692307692
138.37441286089094,320.0
141.57732733293196,320.0
122.13608491604218,282.3529411764706
153.08073948979504,342.85714285714283
135.3228746069265,320.0
152.25573380938752,342.85714285714283
122.57807971008528,282.3529411764706
130.40287371612897,300.0
150.4402926827083,342.85714285714283
124.7652687189417,282.3529411764706
122.44261460133512,282.3529411764706
147.37171520880264,320.0
165.59747851058177,369.2307692307692
121.13181424245934,282.3529411764706
144.2714831978062,320.0
144.71858131771347,342.85714285714283
132.00077600094266,300.0
128.07377339990538,300.0
102.674087262391,240.0
140.4189148894856,320.0
145.30700251341958,342.85714285714283
123.07170357812687,282.3529411764706
111.30161514840275,252.6315789473684
123.89723163711476,282.3529411764706
122.88742269307511,282.3529411764706
116.05373105621999,266.6666666666667
131.76857807894925,300.0
176.12452914906564,400.0
142.2732338957205,320.0
130.6003294599635,300.0
150.13520197958027,342.85714285714283
109.03714887876379,252.6315789473684
180.62724600056745,400.0
126.50022189925066,300.0
95.98189900047642,240.0
152.43432504593048,342.85714285714283
133.1383282035559,300.0
167.08916122708277,369.2307692307692
132.3403590977125,300.0
129.32869629908797,300.0
184.75337044141966,400.0
152.44726488912147,342.85714285714283
111.096630977699,266.6666666666667
119.93036448996484,282.3529411764706
126.17210837148164,300.0
129.33933846389732,300.0
176.01550848139323,400.0
152.4234989268281,369.2307692307692
175.3947233024465,369.2307692307692
151.0987252218431,342.85714285714283
139.67763991575822,320.0
157.8074187808332,342.85714285714283
139.4133577581937,342.85714285714283
124.09130114866296,282.3529411764706
152.4605172739459,342.85714285714283
116.81737359429574,282.3529411764706
167.49006636479774,369.2307692307692
151.8669890052997,342.85714285714283
161.37787473474378,369.2307692307692
150.38995646245036,342.85714285714283
123.26685841057687,282.3529411764706
151.03513084530232,342.85714285714283
119.7453658376002,282.3529411764706
121.61628531688744,282.3529411764706
152.08216970695725,342.85714285714283
139.70726333392108,320.0
163.6934265158087,369.2307692307692
116.57587551155201,266.6666666666667
125.85019229278423,300.0
119.5562593287819,282.3529411764706
151.0886301709003,342.85714285714283
141.5806769688534,320.0
145.5567034729818,342.85714285714283
135.07743231786128,300.0
145.4096756530307,320.0
148.1182703669916,342.85714285714283
177.82671701416425,400.0
172.77326614723722,400.0
145.90096542471142,342.85714285714283
160.76288906571082,369.2307692307692
143.42821323967797,320.0
152.58651554958558,369.2307692307692
137.82371199373972,320.0
119.33976395013033,282.3529411764706
126.4531467695053,282.3529411764706
156.82560326499052,342.85714285714283
144.51058754380236,320.0
168.79067381915144,369.2307692307692
149.22258613910216,342.85714285714283
163.76275916294645,369.2307692307692
141.91718176331017,342.85714285714283
149.17837901952905,342.85714285714283
149.157061436404,342.85714285714283
149.52419103713655,342.85714285714283
125.74412775094422,282.3529411764706
180.19477964056296,400.0
156.88445632092674,369.2307692307692
130.32473875052884,300.0
134.52301328535407,300.0
103.00023399802467,240.0
151.633636644362,342.85714285714283
176.98921784795877,400.0
150.73247785401006,342.85714285714283
166.55860055557767,369.2307692307692
137.12748356834283,320.0
160.90171470303466,369.2307692307692
147.9082794078858,342.85714285714283
122.31483115584992,282.3529411764706
142.2909197209273,320.0
162.13583834571415,369.2307692307692
119.3382589445881,266.6666666666667
105.27580330503318,240.0
133.64056631046356,300.0
116.9497295143587,266.6666666666667
163.4933683459772,369.2307692307692
129.42451224063956,300.0
170.79547589096458,369.2307692307692
143.87124990247415,320.0
162.22220277790444,369.2307692307692
137.68408192565283,320.0
121.70745504433214,282.3529411764706
157.05952516545196,342.85714285714283
129.9352596396913,300.0
125.03880904001359,282.3529411764706
172.6571499055336,400.0
132.42837536193838,300.0
116.50203410674493,282.3529411764706
146.60786052285854,342.85714285714283
126.47148826143683,300.0
147.00911247640707,342.85714285714283
124.96086248982155,300.0
104.55348444996983,240.0
142.41871136045341,320.0
139.4245354164723,320.0
151.51892679459996,342.85714285714283
121.68290047052572,282.3529411764706
131.4457308239971,300.0
120.93156436548698,282.3529411764706
127.07861751290251,300.0
165.5507974474641,369.2307692307692
153.37879718496848,342.85714285714283
140.09388961707603,320.0
137.9109601234547,320.0
164.0977147325392,369.2307692307692
157.58575905962212,342.85714285714283
167.60084341100284,369.2307692307692
150.80904793510354,342.85714285714283
119.20721569894808,266.6666666666667
138.1848354125808,320.0
143.02171826367956,320.0
127.75280909929386,300.0
120.79643500610834,282.3529411764706
148.7151361872024,342.85714285714283
146.18730576212457,342.85714285714283
121.38377403019574,282.3529411764706
135.52537147709089,320.0
179.40486917599011,400.0
149.48834184348195,342.85714285714283
124.93033561524011,282.3529411764706
135.3201689397171,320.0
166.98527589160983,369.2307692307692
157.67668368757447,369.2307692307692
150.4959056099036,342.85714285714283
106.08317082597752,252.6315789473684
152.53517266649942,342.85714285714283
126.35175878342925,282.3529411764706
131.28539023477697,300.0
115.08007200558362,266.6666666666667
105.60497173236706,252.6315789473684
140.73278243262453,320.0
150.60203448987028,342.85714285714283
161.31414191256468,369.2307692307692
153.31988394958526,342.85714285714283
163.78546645177323,369.2307692307692
163.571760361961,369.2307692307692
129.24513597310957,300.0
132.46287439544471,300.0
140.96178634307267,320.0
114.43624481199225,266.6666666666667
130.96134841826358,300.0
139.85806758544226,320.0
150.2015079981068,342.85714285714283
169.33596863151308,369.2307692307692
171.14945036407696,369.2307692307692
131.3708872925164,300.0
147.38777091532003,342.85714285714283
164.62515182152754,369.2307692307692
154.03635229194046,342.85714285714283
135.83183446722438,300.0
138.04686590378742,320.0
162.3181537636938,369.2307692307692
117.24139603350073,266.6666666666667
131.00514901486463,300.0
137.48517826255107,300.0
120.84648655949896,282.3529411764706
129.37260606064638,300.0
114.19882030895216,266.6666666666667
123.91257095681952,282.3529411764706
164.40966032877424,369.2307692307692
110.81135522022444,252.6315789473684
120.04732450063177,282.3529411764706
139.52675978759484,320.0
125.56431089109529,282.3529411764706
155.2014785644645,342.85714285714283
167.02708574017294,369.2307692307692
153.93229967188236,342.85714285714283
155.14308215255753,342.85714285714283
157.53462776259693,342.85714285714283
131.21445847046192,300.0
134.88108106139617,300.0
133.3902633525313,300.0
155.13420209165295,342.85714285714283
116.43178541787938,266.6666666666667
157.145496247304,342.85714285714283
120.2543217809536,266.6666666666667
145.13913476277992,320.0
147.11885880498116,320.0
110.63587347613675,252.6315789473684
115.16224064492657,266.6666666666667
143.62044607838683,320.0
144.84153809653495,320.0
133.033750620623,300.0
127.82555476463665,282.3529411764706
135.04521857332801,300.0
153.6853547754319,342.85714285714283
134.4938327399332,300.0
115.70241404979791,266.6666666666667
137.08246754205055,300.0
144.08786331662182,320.0
119.14091980111178,266.6666666666667
128.18325488174537,282.3529411764706
130.15454979885078,300.0
144.20843815939563,320.0
117.68004845993921,266.6666666666667
133.6999948085801,300.0
155.43672762994234,342.85714285714283
145.1124992154968,320.0
121.52751230247296,282.3529411764706
150.42098541362094,342.85714285714283
182.89925642827106,400.0
136.35372386048704,300.0
132.01663122701754,300.0
141.38018126475606,320.0
167.99361469198845,369.2307692307692
133.49243957469295,300.0
168.00582457850163,369.2307692307692
153.02736417774062,342.85714285714283
152.52431221865763,342.85714285714283
166.8660588324339,369.2307692307692
133.51139870727104,300.0
134.8827188031412,300.0
165.25227007193837,369.2307692307692
180.41353166572347,400.0
135.34825958044266,300.0
133.9599769901151,300.0
185.55875770668285,400.0
109.86131979906895,252.6315789473684
170.57654276065685,369.2307692307692
114.69357294484887,266.6666666666667
134.2766894014679,300.0
185.5133130793695,400.0
156.1932271972528,342.85714285714283
157.58476279326283,342.85714285714283
144.4578635126941,320.0
165.0549498706716,369.2307692307692
117.08579958665602,266.6666666666667
135.5343027958653,300.0
137.42804385156325,300.0
155.01776710784446,342.85714285714283
156.99792916759515,369.2307692307692
124.29464257560255,282.3529411764706
177.2210237701345,400.0
135.72404445612068,300.0
139.8200685839562,320.0
169.59788911601206,369.2307692307692
137.64983114222866,320.0
117.23620379761049,266.6666666666667
181.96603639979784,400.0
142.23987401231554,320.0
143.50385990212297,320.0
144.927783599167,320.0
130.35857742642133,300.0
157.73154399644736,342.85714285714283
154.40809064249706,342.85714285714283
166.30969655415208,369.2307692307692
121.75169202881237,282.3529411764706
141.3761404053673,320.0
162.8585276656666,369.2307692307692
183.37456920755767,400.0
138.93341152670254,320.0
140.7547223405497,320.0
125.24688016649637,282.3529411764706
141.07153101686555,320.0
174.01805675623382,400.0
148.8381403283995,342.85714285714283
154.3971445724307,342.85714285714283
184.9898583232662,400.0
154.10460339281164,342.85714285714283
135.20929669248608,300.0
155.55638512139973,342.85714285714283
156.18458007950122,342.85714285714283
170.1315842512674,369.2307692307692
117.17395043802935,266.6666666666667
134.87419289082095,300.0
141.67482378701365,320.0
154.6422897651746,342.85714285714283
154.59208099160062,342.85714285714283
138.0223803332704,320.0
128.24226529990707,282.3529411764706
142.73537050836467,320.0
156.80701907221746,342.85714285714283
179.30630318610426,400.0
136.6236321181034,300.0
123.77805004563307,282.3529411764706
151.39336350663137,342.85714285714283
150.8320005474784,342.85714285714283
171.2945586440282,369.2307692307692
126.20212182717229,282.3529411764706
159.89593521045254,369.2307692307692
168.78847749035126,369.2307692307692
152.51844654887492,342.85714285714283
131.78513391411437,300.0
179.97808703414785,400.0
161.09192479612932,369.2307692307692
144.64150231183464,320.0
133.24492062583934,300.0
139.20928269206473,300.0
151.9765018235867,342.85714285714283
155.7831092484395,342.85714285714283
147.47104953575885,342.85714285714283
187.58681006450595,400.0
134.19905036563523,300.0
145.8580524633141,320.0
147.23673518257502,342.85714285714283
183.60539504984357,400.0
141.32553211219349,320.0
139.87895456172183,320.0
168.24091694725897,369.2307692307692
103.29407713120665,240.0
159.25700786742976,342.85714285714283
146.2874886952446,320.0
152.5396514824763,342.85714285714283
168.55553479248954,369.2307692307692
164.9456609697558,369.2307692307692
169.38382059854712,369.2307692307692
163.09370580109245,369.2307692307692
155.47633900909844,342.85714285714283
125.73476843069257,282.3529411764706
170.44803146387187,369.2307692307692
149.63955187651206,342.85714285714283
169.96008172584212,369.2307692307692
160.73945568736127,342.85714285714283
142.47695427859205,320.0
170.48878718043113,369.2307692307692
157.24030610187125,342.85714285714283
168.22745993496866,369.2307692307692
142.4435891606675,320.0
153.0538377035332,342.85714285714283
167.47446580217138,369.2307692307692
135.23985185489948,300.0
163.82672813396906,369.2307692307692
184.81025939285306,400.0
132.22114992064098,300.0
138.6086911120739,300.0
157.64315518223208,342.85714285714283
136.69924346681165,300.0
145.58696673232453,320.0
165.27827048298235,342.85714285714283
171.86502756851283,369.2307692307692
123.05613422181526,282.3529411764706
165.3734473734341,369.2307692307692
136.93340453628971,300.0
145.25602940084894,320.0
134.67295622450186,300.0
144.64797590044927,320.0
155.23486576068845,342.85714285714283
135.25672370868554,300.0
157.08400783581524,342.85714285714283
147.59115321468593,320.0
145.6623254786304,320.0
145.6778243585619,320.0
118.4837209902839,266.6666666666667
169.13966299493666,369.2307692307692
128.0993538136234,282.3529411764706
147.78186618612418,320.0
89.36240526638048,208.69565217391303
136.88914353658583,300.0
125.15865996621633,282.3529411764706
143.434216324812,320.0
169.44912478798793,369.2307692307692
150.2374932272298,342.85714285714283
144.2623368329188,320.0
172.74462671876182,369.2307692307692
116.50497922443007,266.6666666666667
133.04488665463026,300.0
132.49793411765515,300.0
136.74116041362683,300.0
134.6637174160022,300.0
188.5483167398556,400.0
139.93416272165177,300.0
159.55680158445588,342.85714285714283
112.24109839037395,252.6315789473684
122.46747249827564,266.6666666666667
172.18637163125837,369.2307692307692
133.4875572094752,300.0
125.10251937201485,282.3529411764706
185.24510665597677,400.0
144.69199948555186,320.0
112.34483340900859,252.6315789473684
144.726492887824,320.0
165.23375131323925,369.2307692307692
127.51091299866093,282.3529411764706
161.87519419288623,342.85714285714283
149.45035100995028,320.0
186.713416667622,400.0
158.66323425927322,342.85714285714283
146.09258005730163,320.0
144.2130934119656,320.0
156.84107838691946,342.85714285714283
137.39382138338905,300.0
157.35482113111692,342.85714285714283
126.28292729560313,282.3529411764706
135.4819724755153,300.0
135.39625736555047,300.0
134.65680361925743,300.0
157.52157622663208,342.85714285714283
148.33864543834017,320.0
161.65209778115974,342.85714285714283
146.23771915129848,320.0
147.483842331696,320.0
145.5578666657115,320.0
143.6572513422182,320.0
158.5386821504826,342.85714285714283
159.401296599657,342.85714285714283
175.1694672061797,369.2307692307692
137.475921010297,300.0
144.27448669666694,320.0
144.26785182677528,320.0
138.17783963754408,300.0
158.5252115667006,342.85714285714283
159.47857419824166,342.85714285714283
154.77917214879844,342.85714285714283
147.19909243820433,320.0
119.95485783724308,266.6666666666667
145.52215021023656,320.0
164.6123642378517,369.2307692307692
156.9707351363689,342.85714285714283
134.89269749647877,300.0
148.12024514730584,320.0
144.84137849312458,320.0
147.89481564511368,320.0
142.15605246519178,320.0
129.48910185663703,282.3529411764706
130.0989849493666,282.3529411764706
129.74319781254883,282.3529411764706
122.46454840860176,266.6666666666667
135.44228112604756,300.0
155.3726980279401,342.85714285714283
150.16138446874092,320.0
126.06685280905121,282.3529411764706
154.4120428726876,342.85714285714283
168.96640515648338,369.2307692307692
146.05603968180944,320.0
160.72582841676376,342.85714285714283
145.16355027260903,320.0
120.28271075236732,282.3529411764706
139.5069248404973,320.0
112.516411747652,252.6315789473684
134.08585363455495,300.0
169.18113038486607,369.2307692307692
144.34158156801257,320.0
171.42537135106087,369.2307692307692
157.16877457156076,342.85714285714283
148.26068118997924,320.0
126.5581353365058,282.3529411764706
155.1845583029469,342.85714285714283
146.05150935231575,320.0
132.60886336500974,300.0
146.9560020163057,320.0
147.6215654733627,320.0
145.26235435634396,320.0
157.98673279136966,342.85714285714283
171.31760524205322,369.2307692307692
161.0738804137283,342.85714285714283
148.1382096533615,320.0
169.8551602497377,369.2307692307692
180.50785380069055,400.0
178.48024436475518,400.0
167.792404154106,369.2307692307692
169.8611282965477,369.2307692307692
149.01264730924,320.0
169.60841733506444,369.2307692307692
146.62358847437216,320.0
160.45789062899698,342.85714285714283
168.96019031770422,369.2307692307692
160.73119322082593,342.85714285714283
138.07401211447018,300.0
165.19356899154965,369.2307692307692
133.9152205260502,300.0
172.64194388210154,369.2307692307692
168.99329108211575,369.2307692307692
165.7312456649431,369.2307692307692
182.12919324795894,400.0
185.39776524990734,400.0
168.29093725553219,369.2307692307692
168.8474955974884,369.2307692307692
160.03970099938584,342.85714285714283
138.0138001350458,300.0
134.0405650785172,300.0
156.67482716081335,342.85714285714283
184.01964278725362,400.0
127.6052539176387,282.3529411764706
120.13566805223854,266.6666666666667
155.39696809971835,342.85714285714283
157.35516411898365,342.85714285714283
171.0253232685718,369.2307692307692
113.97952890641419,252.6315789473684
136.77108850191684,300.0
126.82007734744238,282.3529411764706
157.35509158606777,342.85714285714283
126.64138450342614,282.3529411764706
176.13770331767577,369.2307692307692
169.79467961626693,369.2307692307692
145.31812364813499,320.0
174.19041805515002,369.2307692307692
157.56578698380082,342.85714285714283
145.06883009533033,320.0
174.5281755621538,369.2307692307692
190.09889601006304,400.0
144.6364311185412,320.0
147.95306336252634,320.0
145.2524360973587,320.0
186.0345444607333,400.0
160.32239748862818,342.85714285714283
159.18923207853746,342.85714285714283
135.46925347929144,300.0
148.60425958670177,320.0
190.28273055961776,400.0
138.77283186089306,300.0
175.37627477108734,369.2307692307692
144.70887060585645,320.0
160.18547959640404,342.85714285714283
186.52345233152587,400.0
152.09118401921353,320.0
171.38406520180678,369.2307692307692
122.66484189776344,282.3529411764706
158.14850705017145,342.85714285714283
117.45733857103862,266.6666666666667
157.22728842444388,342.85714285714283
124.85825736100648,282.3529411764706
135.58813862145362,300.0
125.57457217889475,282.3529411764706
174.49428403263875,369.2307692307692
156.41875960224706,342.85714285714283
173.5583090080693,369.2307692307692
170.82360120419537,369.2307692307692
153.91305671872578,342.85714285714283
148.87182585414115,320.0
134.78253418605652,300.0
138.37443596273715,300.0
157.88965478979543,342.85714285714283
144.1029565882084,320.0
125.59091380555243,282.3529411764706
176.83313820986004,400.0
159.54447409495535,342.85714285714283
148.9322680868904,320.0
169.1467734080268,369.2307692307692
149.52486820172936,320.0
140.8668599409563,300.0
134.45652561244864,300.0
174.39362489845539,369.2307692307692
189.48306268226648,400.0
161.96794617125738,342.85714285714283
128.9027687315866,282.3529411764706
129.53298592848262,282.3529411764706
170.89166252397277,369.2307692307692
186.8153676514153,400.0
133.83740259664728,300.0
147.44812231675533,320.0
170.28078706297492,369.2307692307692
172.24654945070122,369.2307692307692
137.47220553062635,300.0
148.898544353787,320.0
146.70592935302662,320.0
151.88726036887894,320.0
170.19554787897368,369.2307692307692
147.06540403162518,320.0
146.49908230645096,320.0
173.1138832963306,369.2307692307692
128.4263559059819,282.3529411764706
172.53336805013856,369.2307692307692
174.19915327893108,369.2307692307692
186.08713336375402,400.0
159.972516692515,342.85714285714283
173.7521481631449,369.2307692307692
157.46684918192778,342.85714285714283
174.3823594379585,369.2307692307692
134.85355055520438,300.0
128.0994141017684,282.3529411764706
141.13348853743037,300.0
172.72554203517134,369.2307692307692
140.70074721851637,300.0
124.14938941390659,282.3529411764706
139.45297624552586,300.0
173.35956462781604,369.2307692307692
187.6303012362638,400.0
188.20563747467006,400.0
176.280681686719,369.2307692307692
156.50181210402073,342.85714285714283
116.5807422414086,252.6315789473684
192.86610034899624,400.0
171.071932900443,369.2307692307692
160.8035073878307,342.85714285714283
162.51729152909502,342.85714285714283
149.4158790493516,320.0
161.92819191581884,342.85714285714283
143.964053882984,320.0
159.8560648880655,342.85714285714283
192.80557226740777,400.0
129.95199901058533,282.3529411764706
148.90164048333318,320.0
165.62499759548095,342.85714285714283
159.96029159950476,342.85714285714283
159.85204649255738,342.85714285714283
134.98607728130224,300.0
138.1532742304829,300.0
147.03614108076695,320.0
139.73383605397763,300.0
145.40599421760393,320.0
184.73950747429504,400.0
150.4868420671627,320.0
150.18399627035612,320.0
169.57685315858674,369.2307692307692
175.5022865483951,369.2307692307692
126.45962433686822,282.3529411764706
150.19192580233857,320.0
145.93251539362544,320.0
140.77306341761812,300.0
158.57121972040883,342.85714285714283
145.05330056445072,320.0
150.57859402726822,320.0
158.81870488970347,342.85714285714283
171.20668596151742,369.2307692307692
171.75538634449015,369.2307692307692
177.5272447641614,369.2307692307692
194.2109186875747,400.0
179.13620900892136,369.2307692307692
157.57287515427794,342.85714285714283
149.2544496083562,320.0
191.37127957098085,400.0
144.3094387893328,320.0
160.03004691605722,342.85714285714283
119.69761197324507,266.6666666666667
139.17602488382073,300.0
145.7500418822118,320.0
136.857154116928,300.0
132.07353420704982,300.0
141.06181978905528,300.0
167.8204326481099,369.2307692307692
173.30056335673723,369.2307692307692
147.5484284605459,320.0
144.49270911427428,320.0
129.71161786678854,282.3529411764706
143.84821906060378,320.0
128.80111235509722,282.3529411764706
160.55035688531459,342.85714285714283
144.03411466997517,320.0
140.47351959298322,320.0
187.3904105131105,400.0
171.22182418066615,369.2307692307692
125.05825804805187,282.3529411764706
129.84317731552883,282.3529411764706
170.80040969469195,369.2307692307692
190.35332005869626,400.0
129.29368453617226,282.3529411764706
140.17323409032014,300.0
129.73546637466453,282.3529411764706
127.43063919884092,282.3529411764706
145.9589779723177,320.0
160.46690430083981,342.85714285714283
172.63406472245754,369.2307692307692
188.675258645399,400.0
148.48021760610496,320.0
160.4965628609722,342.85714285714283
174.4910191018265,369.2307692307692
172.26358962040382,369.2307692307692
170.54026400517222,369.2307692307692
159.8211350718645,342.85714285714283
148.2351911602591,320.0
169.7030863710336,369.2307692307692
190.8942456460784,400.0
128.45904437010265,282.3529411764706
