ep_returns,ep_lens
17.601854171164536,44.85981308411215
16.912945160895337,43.63636363636363
16.217687912556343,43.24324324324324
17.503669695275363,43.63636363636363
16.865196586293877,42.47787610619469
16.227492178206706,42.857142857142854
16.959906920762823,42.10526315789474
17.078858427866876,42.47787610619469
16.240411367675197,43.63636363636363
17.53720411554315,44.44444444444444
16.64255377187522,43.63636363636363
16.851715046808888,43.24324324324324
17.90448671657217,44.44444444444444
16.297485880945803,42.10526315789474
16.03910475881852,41.37931034482759
17.003591677664833,41.73913043478261
17.217953196348905,41.73913043478261
16.91686738186697,44.03669724770642
17.54970502483861,42.47787610619469
17.06488120152939,42.47787610619469
16.781058110818954,41.37931034482759
17.291649004218282,42.47787610619469
16.96950890640169,42.47787610619469
18.507598353538462,45.714285714285715
16.69785194081125,41.02564102564103
16.003756257963612,39.66942148760331
17.213413908804583,41.73913043478261
16.970585910204647,41.73913043478261
16.440301279067803,41.73913043478261
17.05592449686904,41.73913043478261
17.36395890127471,41.73913043478261
18.2460768066015,43.24324324324324
18.757976146089188,43.24324324324324
17.986238329070485,41.73913043478261
19.149476870916647,45.283018867924525
17.46074709770308,42.857142857142854
17.712057759779874,43.24324324324324
18.042615137886443,44.03669724770642
17.89055907748103,44.03669724770642
19.70125505483516,44.44444444444444
19.005432897836762,43.63636363636363
19.0225647874719,43.63636363636363
18.72525547080276,44.03669724770642
18.394782830173558,42.10526315789474
18.123625677851653,44.85981308411215
18.890948408328,44.03669724770642
19.229792365190683,44.03669724770642
18.291338480697288,43.24324324324324
18.197854494155607,42.47787610619469
18.077605991030413,42.857142857142854
17.459787210668445,41.73913043478261
18.597600566673137,41.73913043478261
18.92478530085809,43.63636363636363
19.19126601301479,43.24324324324324
18.719481039574003,43.24324324324324
19.379113822783495,42.857142857142854
18.93758460479988,44.44444444444444
17.76153305512472,41.73913043478261
18.86549717187814,44.44444444444444
18.36399718709144,44.03669724770642
19.374064800908464,45.283018867924525
19.58263380209838,43.24324324324324
19.579578009978636,44.85981308411215
20.086421511954317,45.714285714285715
19.788303482027818,45.283018867924525
18.95397739048533,44.03669724770642
18.980222545434525,45.283018867924525
19.23939760245948,43.24324324324324
19.837094504329812,45.283018867924525
18.950306153265622,43.63636363636363
20.625167404147284,46.15384615384615
18.82730009049194,43.63636363636363
20.625523561937808,45.714285714285715
20.297732130738357,44.85981308411215
20.54513588583484,46.15384615384615
19.76777087413639,46.15384615384615
19.514863013483094,44.44444444444444
19.181235271502725,45.714285714285715
20.503093000324146,46.601941747572816
20.051194510737858,44.85981308411215
20.41199431136425,46.601941747572816
20.752368392844296,47.524752475247524
20.006290668199746,45.714285714285715
20.76978298954096,45.283018867924525
20.561949989993128,47.05882352941177
21.120670886043552,45.714285714285715
20.97034649452435,47.524752475247524
19.317165761390157,46.601941747572816
20.396197458294296,45.714285714285715
20.75912398581293,46.15384615384615
21.42817632622082,46.15384615384615
20.8738237276116,46.601941747572816
20.806936697348224,47.05882352941177
21.25017536867937,48.0
21.672866440289564,46.601941747572816
20.786974773035045,47.05882352941177
19.26925546551369,45.714285714285715
21.72521485432794,47.524752475247524
22.382303164435974,50.526315789473685
20.870743391031848,44.85981308411215
21.86888202957989,47.05882352941177
21.69643015702068,50.526315789473685
20.58642306314227,47.05882352941177
21.640412716424965,47.524752475247524
21.891929886558657,48.97959183673469
20.87441596366645,45.283018867924525
21.83178213920827,48.0
21.682867063061128,49.48453608247423
22.29046241119486,48.97959183673469
21.370965154921613,48.0
22.240317110456644,49.48453608247423
21.40389463124262,50.526315789473685
21.58732741912669,48.484848484848484
21.88311564797978,50.0
23.143799247982944,52.747252747252745
22.37938013231622,51.06382978723404
22.993806679550094,52.747252747252745
24.53071731288177,52.17391304347826
21.966434487928694,50.526315789473685
21.465376726812302,50.526315789473685
21.275193863334316,49.48453608247423
22.67048289270618,51.61290322580645
22.205412258939198,50.526315789473685
23.059267891740504,50.526315789473685
22.606885300858632,51.61290322580645
22.75821613028989,50.526315789473685
23.499779302829285,50.0
21.663450319956347,50.526315789473685
21.615744500434428,51.06382978723404
22.567808727450032,50.0
22.565654392149096,52.17391304347826
22.034839454504798,51.61290322580645
24.072930482192856,51.06382978723404
23.120682575458364,50.526315789473685
25.26423251697745,54.54545454545455
21.888002678911356,50.526315789473685
21.767625707440516,50.526315789473685
22.445023318049522,52.17391304347826
21.568592086880898,48.97959183673469
21.224194991806463,48.97959183673469
21.82523599032378,50.0
22.641850694064424,50.526315789473685
21.151927700995824,48.0
23.634785883443442,52.17391304347826
23.376774404844877,53.93258426966292
22.86122547678991,50.0
22.4576900236795,50.526315789473685
24.052834937194906,50.0
24.493654181427978,52.17391304347826
24.74709147536033,53.93258426966292
22.782769695327048,51.06382978723404
23.217088492299368,52.17391304347826
23.34784888461609,52.17391304347826
22.560629889352697,51.06382978723404
23.110424216703763,52.17391304347826
22.286368222869612,51.06382978723404
25.196146320407564,53.93258426966292
24.997843295002006,54.54545454545455
23.17560677301662,52.17391304347826
24.26020200143835,53.333333333333336
23.339927586664494,52.17391304347826
24.249512294367932,52.747252747252745
24.943410403588132,53.93258426966292
25.020550161984186,53.333333333333336
23.67398907512634,52.17391304347826
24.30598450537797,51.06382978723404
25.22154396801918,53.333333333333336
23.668860735455024,53.93258426966292
25.30470770740871,57.142857142857146
23.193604125139085,52.747252747252745
24.502792279067886,54.54545454545455
26.29114549373153,55.81395348837209
24.994187457270908,57.142857142857146
25.935579732590462,55.81395348837209
26.3717728561729,57.83132530120482
24.79371918361337,55.81395348837209
24.502338351692494,53.93258426966292
24.69392381947912,55.172413793103445
26.13361362211057,56.470588235294116
25.07417337469622,54.54545454545455
25.791300482514263,55.172413793103445
24.906168482085302,55.172413793103445
25.687927954062776,56.470588235294116
24.235858201185522,53.333333333333336
25.7448498246128,56.470588235294116
27.109092466593633,59.25925925925926
24.96985459303448,56.470588235294116
24.695657760214303,55.81395348837209
26.342973662044397,57.142857142857146
26.970306354594914,61.53846153846154
25.543286048435498,56.470588235294116
27.315863364076876,61.53846153846154
24.865274266422972,55.172413793103445
27.35398561729487,60.0
26.47221463600582,57.83132530120482
24.864426364145324,58.53658536585366
26.90721133088963,59.25925925925926
28.757090871948975,63.1578947368421
25.67299329080123,58.53658536585366
27.768612535740555,60.0
27.47013473066998,60.0
28.026214103454148,60.75949367088607
28.72209612318789,64.0
28.22389577371613,60.0
29.06880663194852,63.1578947368421
26.66177705806294,59.25925925925926
27.39904915811871,60.75949367088607
28.413650004172137,60.75949367088607
26.745555447379694,61.53846153846154
26.614307025616945,59.25925925925926
26.89440335353408,60.75949367088607
26.450855539871277,60.75949367088607
29.45283069061068,63.1578947368421
28.26282867521586,63.1578947368421
27.246404865527843,60.0
27.632671741730185,60.75949367088607
26.949516686797875,60.0
26.461499062209775,60.0
27.340107217514277,63.1578947368421
26.694478087010218,60.75949367088607
29.365001077217475,64.0
30.17351648162401,68.57142857142857
28.30858265215168,61.53846153846154
29.493926941804016,65.75342465753425
27.89243333134056,63.1578947368421
28.195040689957874,64.86486486486487
29.808746994751065,67.6056338028169
29.14047461062117,65.75342465753425
28.967160075627238,65.75342465753425
30.224163603056777,67.6056338028169
28.92130119565361,65.75342465753425
28.466699605256107,61.53846153846154
28.821885057502037,65.75342465753425
29.524338971469824,65.75342465753425
29.18327748414107,65.75342465753425
29.280878789879015,65.75342465753425
30.26518249155447,66.66666666666667
30.339148855011793,69.56521739130434
30.810399015661137,68.57142857142857
30.856422970871073,67.6056338028169
29.35206178307013,67.6056338028169
30.67618810698611,66.66666666666667
30.475161561665686,65.75342465753425
28.868790852122554,64.86486486486487
30.807130285505423,69.56521739130434
29.93018260841507,70.58823529411765
30.206376728930692,66.66666666666667
28.70360402560241,64.86486486486487
29.790315961753826,66.66666666666667
30.08730707824219,68.57142857142857
31.456792553859824,68.57142857142857
30.420335947141325,66.66666666666667
32.33688060005398,72.72727272727273
30.098634380784585,69.56521739130434
31.20523173991973,68.57142857142857
30.356590549943107,68.57142857142857
31.77649598960613,69.56521739130434
31.245612640145556,70.58823529411765
31.552464170159247,72.72727272727273
29.767440316449033,66.66666666666667
30.78245292495023,68.57142857142857
31.04638711061535,69.56521739130434
31.3988664952035,68.57142857142857
28.142395320174277,68.57142857142857
33.33019760869273,73.84615384615384
32.18319610267044,73.84615384615384
30.70917341137365,65.75342465753425
30.499552671702194,68.57142857142857
30.007083532259042,69.56521739130434
31.573598936807944,71.64179104477611
32.44859323293666,70.58823529411765
31.150408572993342,69.56521739130434
29.974401041667956,68.57142857142857
32.29127388437227,69.56521739130434
31.167079340759713,72.72727272727273
31.8442061619692,71.64179104477611
29.921283839594395,67.6056338028169
31.314255869587473,70.58823529411765
29.80290442829409,67.6056338028169
30.011210877990155,67.6056338028169
32.23553374275594,73.84615384615384
31.849849167797576,73.84615384615384
31.713314867035265,70.58823529411765
33.235053824831965,75.0
33.315717060228685,76.19047619047619
30.38130835772948,70.58823529411765
30.272573250598143,70.58823529411765
32.27832380002655,73.84615384615384
32.53873923179459,70.58823529411765
32.64549653023468,73.84615384615384
35.23614164537734,76.19047619047619
34.96163734202179,75.0
32.30256835967264,73.84615384615384
33.61820853765943,72.72727272727273
34.937984243893624,76.19047619047619
33.763562927865195,73.84615384615384
31.47786961898834,72.72727272727273
32.407266811417934,73.84615384615384
35.060849861749105,76.19047619047619
33.27068319151757,73.84615384615384
31.739840797522863,69.56521739130434
36.08762216817505,77.41935483870968
34.79011813475206,76.19047619047619
31.31569014317083,71.64179104477611
32.655550916531176,75.0
32.865985399716116,71.64179104477611
32.20473239502295,70.58823529411765
34.45405935714113,72.72727272727273
30.16950029790345,69.56521739130434
33.88756896728301,77.41935483870968
32.9048354866721,75.0
33.650628359124205,71.64179104477611
33.19933210375947,75.0
33.820701990104176,72.72727272727273
32.1601044144333,72.72727272727273
35.677783411162316,78.68852459016394
33.39824902269292,75.0
34.49481907006132,77.41935483870968
33.130337103013304,75.0
34.46807388694106,77.41935483870968
31.249345088519355,71.64179104477611
33.63756610781047,72.72727272727273
32.23389951517823,72.72727272727273
34.85063192695732,76.19047619047619
33.47520960118979,76.19047619047619
33.5124171482128,76.19047619047619
33.14611053977365,73.84615384615384
33.64436351307902,75.0
34.29100473611059,76.19047619047619
36.056664112606825,81.35593220338983
34.184931249061876,76.19047619047619
37.639070746476804,84.21052631578948
35.05008837419055,76.19047619047619
35.69024020747166,80.0
33.701055488327995,77.41935483870968
36.07176279323182,82.75862068965517
31.728030168887084,71.64179104477611
33.430358455583175,78.68852459016394
33.81272739004068,75.0
38.940101762886286,84.21052631578948
34.91814985962239,80.0
33.71407081490412,81.35593220338983
37.29625408502743,82.75862068965517
37.87480184960813,87.27272727272727
35.988028957307826,80.0
36.68390525206216,82.75862068965517
39.798013423273005,90.56603773584905
35.76524889178112,77.41935483870968
35.0313730571889,77.41935483870968
38.86764727570301,85.71428571428571
35.359218885278516,78.68852459016394
35.2401330892612,81.35593220338983
39.055136473192505,84.21052631578948
35.01073457808247,82.75862068965517
38.58525505515452,85.71428571428571
37.64881175777069,82.75862068965517
36.49310827159697,78.68852459016394
39.902029579876775,90.56603773584905
39.34461749057833,90.56603773584905
37.86176042599599,85.71428571428571
37.48121891200456,81.35593220338983
36.35727274057211,84.21052631578948
38.03175551570897,88.88888888888889
38.634706985560875,88.88888888888889
38.34889057333976,82.75862068965517
35.258292651043305,80.0
39.60911620368628,88.88888888888889
35.74517317607993,81.35593220338983
41.16690825316933,90.56603773584905
37.62917124614134,88.88888888888889
38.11929182332542,85.71428571428571
40.70862654041566,90.56603773584905
37.33264528958866,84.21052631578948
36.272266815661844,80.0
35.45056955232559,81.35593220338983
35.36629395065061,78.68852459016394
35.71378175770663,81.35593220338983
37.32345651711875,81.35593220338983
39.787077738906426,87.27272727272727
39.06789550715905,87.27272727272727
37.50738318731176,82.75862068965517
41.410756299064936,88.88888888888889
37.76284699479957,87.27272727272727
38.00453710995793,90.56603773584905
38.02606921902736,85.71428571428571
37.24516807677984,84.21052631578948
41.58991849530012,88.88888888888889
38.67298393583522,88.88888888888889
35.44618588644674,81.35593220338983
39.759176285759715,87.27272727272727
36.839642750356624,81.35593220338983
38.17038976930657,84.21052631578948
38.74183818866362,85.71428571428571
38.15855207286699,85.71428571428571
39.03987789983421,88.88888888888889
36.772095671451275,82.75862068965517
40.1480313952125,90.56603773584905
40.061587170085296,87.27272727272727
35.64404691430019,81.35593220338983
36.993599915248325,84.21052631578948
39.72496516012986,85.71428571428571
38.79299710788184,90.56603773584905
39.66272031556653,90.56603773584905
41.20629858390708,92.3076923076923
41.110163470497305,90.56603773584905
40.13417800251308,88.88888888888889
40.34123299887255,87.27272727272727
36.93874524789081,82.75862068965517
40.92364381336958,90.56603773584905
40.495589408116466,88.88888888888889
38.50656840833236,85.71428571428571
37.083078478404076,88.88888888888889
38.468087673648505,84.21052631578948
36.56141354633302,81.35593220338983
39.45110019722962,88.88888888888889
35.65817819661834,81.35593220338983
41.800642437880825,90.56603773584905
38.232264849785494,87.27272727272727
39.75633980746332,92.3076923076923
39.545179382651824,90.56603773584905
40.583774468038484,90.56603773584905
43.23302551545373,100.0
40.34756975802322,92.3076923076923
41.497083350543,92.3076923076923
38.21612641736056,87.27272727272727
38.18477778584339,87.27272727272727
39.197583981066224,88.88888888888889
36.82993216805856,82.75862068965517
42.822911308262775,92.3076923076923
40.85250321014068,94.11764705882354
40.48854957588063,92.3076923076923
37.961195465296996,85.71428571428571
40.29903484374909,90.56603773584905
43.03951301380218,96.0
37.133125663061165,85.71428571428571
40.38313261051031,88.88888888888889
41.97180689339971,94.11764705882354
40.912948949456506,96.0
41.39673879007416,92.3076923076923
41.19465726935582,96.0
40.87916744218843,92.3076923076923
41.89712045466457,92.3076923076923
40.64738953115854,94.11764705882354
38.64373711279439,87.27272727272727
42.39587125382666,96.0
39.71538864499795,90.56603773584905
39.62852549972758,90.56603773584905
41.48253403541209,94.11764705882354
42.90460804774355,96.0
43.57870640885089,96.0
41.1692884421146,92.3076923076923
43.26628613251991,96.0
45.32350987398996,100.0
43.58509769389903,97.95918367346938
42.27218440410204,97.95918367346938
49.82596820275809,114.28571428571429
38.45479083333937,87.27272727272727
39.01192638570998,87.27272727272727
47.83192667681292,109.0909090909091
41.68369570791782,94.11764705882354
40.335640429008016,96.0
45.76263478677701,106.66666666666667
49.00899047787275,109.0909090909091
41.11484520343687,97.95918367346938
45.16002864545089,100.0
45.69916772046912,104.34782608695652
49.85091775031865,111.62790697674419
44.907357343732194,102.12765957446808
45.02298281083104,106.66666666666667
44.85965710641428,102.12765957446808
49.93498253714558,111.62790697674419
47.23973528717172,109.0909090909091
45.1605606238041,104.34782608695652
45.006729100309464,97.95918367346938
44.530140787637954,100.0
51.17324620896958,114.28571428571429
46.59457939731453,109.0909090909091
47.949207632966214,104.34782608695652
49.34378821444576,114.28571428571429
46.82361222706391,106.66666666666667
43.574469797585174,96.0
44.43013565516258,100.0
50.20143697698493,114.28571428571429
44.77311111555074,104.34782608695652
43.097653269877455,97.95918367346938
48.70700449673841,111.62790697674419
49.2205877528493,117.07317073170732
45.604696536644575,106.66666666666667
54.37422175938178,123.07692307692308
46.52760885234704,106.66666666666667
47.12594674550328,106.66666666666667
42.703990795920625,96.0
48.0548041977088,109.0909090909091
51.367944306944814,123.07692307692308
43.48549075029329,97.95918367346938
46.80636535992662,109.0909090909091
43.358241963191176,102.12765957446808
44.428295495982006,109.0909090909091
60.337748873764546,141.1764705882353
54.63746708584594,129.72972972972974
51.20568171267678,120.0
48.00404805895729,117.07317073170732
52.49720107553046,120.0
46.30629638557324,109.0909090909091
46.334011211349356,106.66666666666667
58.04260355396313,145.45454545454547
53.808780647668506,126.3157894736842
52.13786328305552,123.07692307692308
53.28211102580096,126.3157894736842
43.85173353913216,109.0909090909091
47.61865895791349,114.28571428571429
53.48030003240058,133.33333333333334
50.93088216057603,117.07317073170732
55.08521270779724,133.33333333333334
58.91514706914091,137.14285714285714
56.25543063160339,129.72972972972974
45.86265892606851,109.0909090909091
53.730743827151585,126.3157894736842
50.08018125035339,117.07317073170732
50.90852026502491,117.07317073170732
49.38738056866875,114.28571428571429
50.0550785956744,120.0
49.964042374627944,114.28571428571429
50.04373655040604,109.0909090909091
48.73890686389447,111.62790697674419
50.61672924836848,117.07317073170732
57.76752632040549,133.33333333333334
54.122055798284784,123.07692307692308
48.79925329831084,114.28571428571429
58.310895578611444,137.14285714285714
45.79011072874147,106.66666666666667
45.03590194147049,97.95918367346938
55.93748302797788,129.72972972972974
52.12171437325448,123.07692307692308
51.37167843777941,120.0
46.645198631929624,106.66666666666667
58.04962269988991,133.33333333333334
48.2706231647872,111.62790697674419
51.643629541239825,117.07317073170732
58.05857114557426,137.14285714285714
47.69975804369294,114.28571428571429
53.80047716308362,126.3157894736842
54.51267848085207,126.3157894736842
49.49680853803121,114.28571428571429
64.76187521296335,150.0
54.21405843014693,126.3157894736842
52.27526643240435,120.0
47.400107333384206,114.28571428571429
45.02419230946222,106.66666666666667
60.54434916624676,141.1764705882353
58.83573330566667,145.45454545454547
55.16767248812392,126.3157894736842
51.11712752156554,126.3157894736842
54.7323664673364,129.72972972972974
55.72587071113381,133.33333333333334
52.17301762591874,126.3157894736842
51.58192141355577,117.07317073170732
54.56709445070252,129.72972972972974
52.716281053560756,123.07692307692308
52.61296773173187,126.3157894736842
53.244632613387125,123.07692307692308
62.22876800283342,150.0
61.10308470395266,150.0
57.207889154927315,137.14285714285714
52.0067470308172,129.72972972972974
60.627143753096114,145.45454545454547
62.762782065636216,145.45454545454547
53.81095863303175,129.72972972972974
55.258293167804,129.72972972972974
56.62987299533511,126.3157894736842
58.204047408831066,133.33333333333334
59.84931201044064,150.0
59.04091239387118,137.14285714285714
53.84302490030126,126.3157894736842
57.824811804332626,137.14285714285714
54.34632339755734,126.3157894736842
58.48804370425296,137.14285714285714
56.57199393667534,126.3157894736842
51.276968822643106,117.07317073170732
59.291694722341084,137.14285714285714
60.93812887750684,141.1764705882353
63.52584733587709,150.0
60.923530442922825,145.45454545454547
56.04058398031588,133.33333333333334
61.44776028733265,145.45454545454547
76.84293727974897,184.6153846153846
56.30567799592485,137.14285714285714
56.348899230123926,133.33333333333334
58.796894826130746,133.33333333333334
59.678856000124405,137.14285714285714
52.909148485723016,123.07692307692308
53.49761194170093,129.72972972972974
60.88166410445526,145.45454545454547
61.28254445215232,150.0
64.52813585982209,145.45454545454547
50.49150206618263,120.0
56.470561910363564,129.72972972972974
53.270458963112,123.07692307692308
49.740180513470115,117.07317073170732
54.14725261512017,123.07692307692308
54.578019406258825,123.07692307692308
62.10649482971591,150.0
60.11230983261845,141.1764705882353
52.66968770534684,123.07692307692308
51.58901899463043,123.07692307692308
54.795319508973286,129.72972972972974
51.378282675751244,123.07692307692308
46.336137064708105,106.66666666666667
71.67128237581956,171.42857142857142
66.91500704569887,154.83870967741936
72.73255683737364,171.42857142857142
62.807193886413174,154.83870967741936
67.33579545186683,150.0
69.60558720786426,154.83870967741936
61.568099337569144,145.45454545454547
59.580232451950955,137.14285714285714
69.82486847518337,171.42857142857142
53.075472999390236,129.72972972972974
62.153123040061764,150.0
71.61705216651204,171.42857142857142
66.07157863954632,160.0
69.29974067267776,160.0
73.10825857714168,171.42857142857142
78.09462737149784,184.6153846153846
72.44106854803648,171.42857142857142
62.64906399741349,145.45454545454547
80.8736153654392,192.0
74.7862395555902,165.51724137931035
58.54832399747254,137.14285714285714
62.48700304115148,150.0
65.10785884548872,150.0
73.52819848170229,177.77777777777777
65.98018842605154,154.83870967741936
56.11279269089072,137.14285714285714
78.17099162110802,192.0
82.12146546385527,192.0
70.38686183451689,177.77777777777777
72.99336452398005,177.77777777777777
70.7312587269406,165.51724137931035
59.3502518360644,141.1764705882353
66.0919236374077,154.83870967741936
68.82390301199408,165.51724137931035
75.86927303580758,184.6153846153846
67.31898074464272,165.51724137931035
68.43692803084649,165.51724137931035
57.5603709615458,145.45454545454547
66.67261040254844,154.83870967741936
79.40036198408582,184.6153846153846
63.041519091110885,150.0
75.3511604192166,177.77777777777777
71.21612904817452,177.77777777777777
56.888017731354,133.33333333333334
74.79202966514389,165.51724137931035
60.6632365904954,145.45454545454547
63.437053812859034,154.83870967741936
72.7154804616553,165.51724137931035
56.10643980560209,129.72972972972974
63.81849807521069,150.0
76.12853983788982,171.42857142857142
60.95290316528343,137.14285714285714
50.903849445886536,123.07692307692308
60.66800569792152,141.1764705882353
73.58961922575254,171.42857142857142
62.86955945071443,154.83870967741936
59.157197843398805,137.14285714285714
54.54023923469006,133.33333333333334
76.13909930014961,184.6153846153846
59.48197432440473,137.14285714285714
53.30798844424825,129.72972972972974
66.13420776325161,160.0
65.93642370249898,165.51724137931035
60.39726008715725,145.45454545454547
72.61922888713524,177.77777777777777
84.12572808382026,208.69565217391303
60.51811231931031,154.83870967741936
70.68260022907616,177.77777777777777
86.0117384082303,200.0
74.70818335075525,177.77777777777777
66.5019109703608,154.83870967741936
71.24803870345978,177.77777777777777
88.47349671073364,200.0
85.0979728164995,200.0
69.6116432432568,171.42857142857142
68.5951695769459,165.51724137931035
73.54277948812613,171.42857142857142
88.79036954415466,228.57142857142858
71.52647726924593,165.51724137931035
90.69739033139689,218.1818181818182
72.18127000423426,177.77777777777777
99.621523449357,228.57142857142858
67.5764880709496,154.83870967741936
70.90830565127277,177.77777777777777
79.95098867066893,192.0
98.04165416960332,240.0
75.31180641982492,192.0
95.01188084142673,218.1818181818182
85.00881150191847,228.57142857142858
97.54951204304913,240.0
71.69949520539988,184.6153846153846
91.47216224526899,228.57142857142858
76.67561433612337,177.77777777777777
112.60961136067179,266.6666666666667
73.56677357495765,184.6153846153846
66.27648191103481,160.0
99.96899117698656,252.6315789473684
74.92205394241877,184.6153846153846
78.87272382658462,192.0
83.24652952783279,208.69565217391303
92.92534907786668,228.57142857142858
81.83658129630402,208.69565217391303
92.09926214189457,228.57142857142858
81.33429507770718,200.0
66.72425350738648,177.77777777777777
119.24068812006263,300.0
78.94566358182374,200.0
86.9437456987937,218.1818181818182
103.2043826075748,266.6666666666667
89.89162939462557,218.1818181818182
80.59122762049317,208.69565217391303
74.72891062785001,192.0
83.35418193587923,218.1818181818182
70.67328737283559,165.51724137931035
84.53339198570175,218.1818181818182
73.29670228521287,177.77777777777777
81.63006682906902,218.1818181818182
108.58361030186461,282.3529411764706
81.29847212878327,200.0
97.3275295250921,252.6315789473684
87.53901722367274,228.57142857142858
84.34099447274501,218.1818181818182
74.43614141921263,184.6153846153846
72.16361588211109,177.77777777777777
84.00400145967369,218.1818181818182
75.83855762869209,192.0
86.36529123635236,218.1818181818182
81.42627250493899,208.69565217391303
85.56439061875848,228.57142857142858
70.09372572128254,177.77777777777777
73.15016008100267,184.6153846153846
96.59276391450143,228.57142857142858
81.73707638779149,200.0
115.50815383354036,282.3529411764706
89.5834262396038,228.57142857142858
122.02306007839373,300.0
97.21618534369559,252.6315789473684
76.89996198870529,192.0
69.94259535834995,171.42857142857142
63.905083226674286,165.51724137931035
84.65441379577443,208.69565217391303
104.29590092278926,282.3529411764706
82.44614192925425,208.69565217391303
83.99877670025585,218.1818181818182
100.32167062634375,266.6666666666667
78.88346001327035,184.6153846153846
89.81271551267392,228.57142857142858
97.82787658933687,240.0
89.24678914389763,228.57142857142858
76.62168575290166,200.0
72.33326590324481,177.77777777777777
109.3657373082884,282.3529411764706
90.17869662338093,228.57142857142858
83.17223722173254,208.69565217391303
76.23602952917291,184.6153846153846
68.31292021721072,165.51724137931035
88.51191237647501,228.57142857142858
79.17754371270729,200.0
99.07089355174736,240.0
83.58318566070278,218.1818181818182
75.7622934579919,192.0
69.37493046704529,177.77777777777777
106.42716100102298,266.6666666666667
87.7663570185034,208.69565217391303
96.3416716315213,252.6315789473684
91.92476843447632,228.57142857142858
89.5960066974356,218.1818181818182
69.2922444921673,165.51724137931035
80.73966900051919,200.0
95.24309820954127,240.0
91.59445013389387,218.1818181818182
82.39056679586231,208.69565217391303
91.85153049262331,218.1818181818182
79.1453065711954,200.0
75.07121026341963,184.6153846153846
72.82521501711724,171.42857142857142
99.02291316080388,240.0
71.06955790259073,177.77777777777777
106.07234555310413,252.6315789473684
71.86844431594832,171.42857142857142
101.7570827418774,218.1818181818182
91.01974880854912,208.69565217391303
96.41883642215899,218.1818181818182
80.12808238885415,184.6153846153846
76.25513889895458,184.6153846153846
94.94376594497454,218.1818181818182
67.35245729682235,177.77777777777777
94.5450629226025,218.1818181818182
103.50402986060901,252.6315789473684
85.77118630376071,200.0
83.11311002268418,200.0
95.70411518716138,228.57142857142858
84.61085112259696,208.69565217391303
88.86177355749474,218.1818181818182
75.48098199368442,192.0
97.00978224834223,240.0
71.95711840518247,171.42857142857142
83.09854582138831,218.1818181818182
79.65783094628529,192.0
82.61291807643204,208.69565217391303
85.77213196760665,208.69565217391303
91.78630592365155,240.0
96.62537080100176,228.57142857142858
105.98265975693937,252.6315789473684
82.66788315498839,200.0
105.82433458088569,282.3529411764706
79.63916904559787,184.6153846153846
94.05537394730331,240.0
122.27523394142054,320.0
106.1720538074015,252.6315789473684
95.383590127323,228.57142857142858
97.31112895872346,240.0
98.73061334608295,252.6315789473684
123.70985495098292,300.0
106.12706615674202,252.6315789473684
81.35152090596888,200.0
86.97953559287647,208.69565217391303
85.63325328322344,218.1818181818182
97.01801929823083,228.57142857142858
75.58893072263615,184.6153846153846
109.3618376845688,266.6666666666667
91.7030862632619,218.1818181818182
103.26829417808378,240.0
91.01511046154934,228.57142857142858
93.39643625227075,240.0
84.07786472500841,208.69565217391303
100.47624990110941,252.6315789473684
112.61542734780095,300.0
94.15685839181815,228.57142857142858
140.47846933503544,320.0
111.19390356286252,282.3529411764706
91.0981833364167,218.1818181818182
98.86455442723809,240.0
114.78488817765181,266.6666666666667
103.02534436980314,252.6315789473684
95.96085138600174,240.0
92.14779595728612,228.57142857142858
93.71597286129042,240.0
112.20723628488469,282.3529411764706
113.2737442654022,282.3529411764706
86.1715550683516,208.69565217391303
96.04647741307566,218.1818181818182
96.71522846256035,228.57142857142858
104.0867262653953,252.6315789473684
94.52746600594253,240.0
109.75347565814806,252.6315789473684
131.2653175117515,320.0
99.11598948876106,240.0
98.49314801030161,240.0
95.57293551246852,240.0
110.32244074591048,252.6315789473684
103.37284991373585,240.0
126.97823789430646,320.0
86.19869051711015,218.1818181818182
104.55412867346774,252.6315789473684
140.23739410978916,342.85714285714283
79.98485465563664,200.0
92.5380243310674,240.0
101.39478346039428,240.0
99.06896463588033,266.6666666666667
87.09462312391243,218.1818181818182
119.4019578294418,300.0
106.33466589218897,252.6315789473684
99.59356833894329,228.57142857142858
94.24385114153448,228.57142857142858
103.12578688848198,282.3529411764706
89.43207922932199,208.69565217391303
91.77286930745305,218.1818181818182
85.3712838163144,208.69565217391303
101.52746302239277,240.0
108.62073244547669,266.6666666666667
101.39903693914773,266.6666666666667
115.8737891231894,266.6666666666667
98.136756715174,240.0
104.29752411413578,266.6666666666667
101.18626264699165,240.0
94.76105299039455,228.57142857142858
114.47880586885476,282.3529411764706
108.47998519121364,266.6666666666667
81.45535371880014,200.0
83.26209014040444,208.69565217391303
83.60117387092986,208.69565217391303
89.60926454168333,208.69565217391303
88.02172533997728,208.69565217391303
100.31416595387246,252.6315789473684
106.22722767811425,252.6315789473684
103.30999377863222,266.6666666666667
94.83779611224128,218.1818181818182
89.58555763905294,228.57142857142858
104.01366977050243,252.6315789473684
127.57635315764962,300.0
95.04518369495426,240.0
121.89665949743696,320.0
99.17442170051946,240.0
134.58191969455484,342.85714285714283
107.66262278645317,266.6666666666667
102.94347927161505,266.6666666666667
91.41879324233142,218.1818181818182
109.04451539843625,266.6666666666667
101.88097939826419,240.0
100.02321792343221,240.0
122.02763658400609,300.0
95.66462513762664,240.0
121.49669249924447,300.0
126.1251346692551,320.0
112.94602694828774,282.3529411764706
124.20607635201189,300.0
112.13213298251486,282.3529411764706
135.9109762698284,320.0
110.9571122767971,266.6666666666667
122.98583419779274,300.0
121.52531709846144,282.3529411764706
119.22694670044069,282.3529411764706
98.09306934193525,252.6315789473684
140.84832288988187,342.85714285714283
116.95436996560369,266.6666666666667
105.36630432089468,266.6666666666667
136.94052473205147,320.0
126.47078854859522,300.0
120.05808361591598,282.3529411764706
108.12121368111153,266.6666666666667
100.32562235795754,240.0
122.93269200737468,300.0
96.06864284152167,240.0
103.79510843245762,228.57142857142858
112.78102158062526,282.3529411764706
140.31748547562455,320.0
118.13333648462468,282.3529411764706
105.06778847001422,282.3529411764706
105.00231590730303,252.6315789473684
137.60046242986107,300.0
120.48904298095084,266.6666666666667
123.45871577160777,300.0
125.70286914359941,300.0
119.14993745107449,266.6666666666667
117.64169206670991,252.6315789473684
141.70396945527736,342.85714285714283
101.8613127454777,240.0
104.2121967412057,240.0
103.25540491914697,240.0
97.76109744282674,228.57142857142858
138.213787153607,300.0
120.82565994563487,300.0
122.20471705083634,300.0
140.79022346954596,320.0
134.54609684743698,320.0
90.86740022226326,218.1818181818182
120.42932198712684,282.3529411764706
133.76179352381575,300.0
140.12834622100544,320.0
118.42301453337969,282.3529411764706
121.38359156217432,266.6666666666667
130.14790633810017,282.3529411764706
112.2044312888924,252.6315789473684
127.01119985973374,282.3529411764706
115.29314892290544,252.6315789473684
126.98634417014277,300.0
105.39799217426989,240.0
145.77599375354183,320.0
114.2154424077047,252.6315789473684
133.3489378169305,300.0
103.15628456797542,240.0
107.45689914936239,252.6315789473684
102.30763352618557,228.57142857142858
115.64178050012295,266.6666666666667
117.19998230816249,266.6666666666667
147.1349041778573,320.0
103.7402171068325,252.6315789473684
102.18265905697459,252.6315789473684
116.25407579944337,252.6315789473684
138.56648781651666,300.0
104.01446485574911,240.0
116.14501169296973,282.3529411764706
101.17559159431089,228.57142857142858
122.31640730869884,320.0
101.40387553854836,266.6666666666667
129.0860498112637,300.0
97.04062019208918,218.1818181818182
113.57553298776689,266.6666666666667
111.201555693404,266.6666666666667
120.7227910924925,266.6666666666667
124.70858387534918,282.3529411764706
113.34191069064327,282.3529411764706
137.14146907784843,300.0
130.09276673496066,320.0
113.92848253613587,252.6315789473684
113.57570146378377,282.3529411764706
104.05155224598606,252.6315789473684
116.97058472010556,300.0
122.01589770831869,266.6666666666667
119.87837373539432,282.3529411764706
108.77916297724565,252.6315789473684
97.8684727666338,240.0
124.92080465922518,300.0
120.87458471598421,300.0
115.17799945994274,282.3529411764706
122.1466346366247,320.0
127.11909106774684,300.0
105.42399160810113,252.6315789473684
119.95611665204343,300.0
131.01184607782224,282.3529411764706
98.42861814928182,228.57142857142858
145.46553403759074,320.0
112.66530636754403,252.6315789473684
126.76478768815582,300.0
120.36512201478637,282.3529411764706
123.46563384144315,300.0
111.8272884060486,252.6315789473684
145.07498098175233,342.85714285714283
144.38771089667765,342.85714285714283
154.74634107234783,342.85714285714283
119.1149885242233,282.3529411764706
114.00156265483783,252.6315789473684
113.44199625082155,266.6666666666667
118.32694800204425,282.3529411764706
108.35107155917774,240.0
97.48876714603367,218.1818181818182
135.8858963789616,300.0
109.74469312835643,266.6666666666667
112.99582597470697,252.6315789473684
118.90396026629467,282.3529411764706
117.89568285723333,282.3529411764706
131.36962851393747,300.0
124.67226560004241,282.3529411764706
90.1826710110268,200.0
118.73721403378177,282.3529411764706
96.72131017974131,228.57142857142858
127.65810235146168,300.0
148.29171897465113,342.85714285714283
132.5393910828538,300.0
106.56992452782565,252.6315789473684
110.66828897700417,266.6666666666667
144.8751736835419,342.85714285714283
112.33360257939007,252.6315789473684
149.10965911291012,320.0
103.83046961772402,240.0
97.15754304802162,240.0
133.28684728653553,300.0
131.08895032980965,282.3529411764706
118.10226570986022,300.0
119.42835278299304,266.6666666666667
136.5390582562058,320.0
118.13119073993276,266.6666666666667
115.0139136750972,266.6666666666667
111.1876005414935,266.6666666666667
128.50026556081872,300.0
92.511906312644,228.57142857142858
115.65565607452643,266.6666666666667
105.48596723183945,240.0
102.8212142776272,240.0
96.75427240338655,218.1818181818182
90.52837697128183,218.1818181818182
110.55187733495782,252.6315789473684
106.02067458840362,228.57142857142858
105.94304410010905,252.6315789473684
86.43107499611325,192.0
113.51884143729488,252.6315789473684
99.94444580713294,228.57142857142858
89.99247335951404,208.69565217391303
102.78675471627484,240.0
91.64900065270656,228.57142857142858
87.48057355879104,200.0
106.15130808140343,228.57142857142858
102.46801901797166,228.57142857142858
114.84794146644347,266.6666666666667
96.18205680674997,218.1818181818182
97.48437239882202,228.57142857142858
101.10276941046592,240.0
147.03244620645313,342.85714285714283
116.79454942748887,266.6666666666667
86.81712254915031,208.69565217391303
100.0028723076383,228.57142857142858
91.40897718209987,208.69565217391303
101.8323406548267,240.0
101.31419143701504,228.57142857142858
120.59962880005212,282.3529411764706
86.03730851915928,208.69565217391303
108.09648860700854,252.6315789473684
94.94529881662142,240.0
96.29799687097217,240.0
106.8410757260077,266.6666666666667
110.4166109085265,252.6315789473684
122.54901061385462,300.0
109.16911049851028,252.6315789473684
97.28089247323346,240.0
122.29701585388426,300.0
111.14189515565104,282.3529411764706
133.3431595120431,282.3529411764706
103.3118717631778,252.6315789473684
107.63726178980433,240.0
98.1303129128473,228.57142857142858
110.69564280909458,266.6666666666667
94.48559882564913,240.0
111.69272833377079,282.3529411764706
91.12272962240074,228.57142857142858
106.35168319344945,266.6666666666667
99.46673938254757,252.6315789473684
109.51286737392549,266.6666666666667
96.53745799833267,218.1818181818182
145.4687965122491,320.0
112.94185791285103,266.6666666666667
114.0874518149725,252.6315789473684
117.90009913465077,266.6666666666667
109.07538334029816,252.6315789473684
130.0932661698714,300.0
148.95521487177393,320.0
150.70891799512154,342.85714285714283
112.34219242271121,266.6666666666667
109.36250769761496,252.6315789473684
126.68119623841696,342.85714285714283
122.06183289655874,282.3529411764706
93.72997697797871,240.0
166.27346947428333,400.0
153.10236168936476,342.85714285714283
152.94796583011333,342.85714285714283
134.3142893552775,320.0
143.84936539766016,342.85714285714283
101.26998993956659,252.6315789473684
97.19283904366797,228.57142857142858
131.57341021726933,320.0
112.3970149785062,266.6666666666667
99.10972565183162,252.6315789473684
132.59147243304062,300.0
110.51271243681086,266.6666666666667
125.90840668697625,282.3529411764706
108.98873382296657,252.6315789473684
130.500905480153,300.0
148.0897968885202,342.85714285714283
104.51454413049551,240.0
126.76735259619267,300.0
88.88461731912815,218.1818181818182
92.47549757443686,218.1818181818182
113.70620661342662,282.3529411764706
110.86340946026289,252.6315789473684
158.48138296633945,342.85714285714283
129.8310766056151,320.0
138.7582791726611,300.0
120.30419473110891,266.6666666666667
147.1769920866727,320.0
131.14415450817143,320.0
127.6626389867344,300.0
144.1006077074807,342.85714285714283
139.2992782386903,342.85714285714283
120.13592525924753,300.0
131.33609369163509,300.0
120.21936771743442,282.3529411764706
139.64807364518768,320.0
150.83620468775527,342.85714285714283
134.48596344290954,282.3529411764706
137.57989190663878,320.0
120.81218099468111,282.3529411764706
109.33009322834312,240.0
125.4742976587487,282.3529411764706
132.9213729005201,342.85714285714283
131.4890651527267,300.0
104.42210461433945,228.57142857142858
125.17670464101948,282.3529411764706
137.46427469264853,300.0
111.01836602307749,240.0
116.34807486222881,252.6315789473684
122.45834917255618,266.6666666666667
128.18582872056652,266.6666666666667
118.53723259388615,266.6666666666667
130.87650970058635,300.0
145.56593191373088,300.0
110.76081151633687,240.0
96.52675331394076,208.69565217391303
119.1180910430745,282.3529411764706
108.19240128735514,240.0
95.90489812687579,228.57142857142858
119.87796172756667,282.3529411764706
138.6905194897059,320.0
101.2029931751277,240.0
147.56797100080445,300.0
155.4206278503507,342.85714285714283
127.50573116852165,282.3529411764706
99.20588152046767,228.57142857142858
99.73891769598549,228.57142857142858
123.71714046605214,282.3529411764706
139.71933801866248,342.85714285714283
89.21217682851386,208.69565217391303
109.65776607646134,252.6315789473684
115.55710571927092,266.6666666666667
117.14455488403594,266.6666666666667
114.00802984417109,252.6315789473684
133.60610714049088,320.0
117.66297600402633,266.6666666666667
110.00887591714852,266.6666666666667
141.1982007962602,320.0
166.41440609628904,369.2307692307692
118.02760536626816,266.6666666666667
107.55554518679021,252.6315789473684
113.33592337206956,266.6666666666667
110.0222478077846,252.6315789473684
112.10348333344682,240.0
139.58454444055903,320.0
119.536881224137,282.3529411764706
114.1219349428579,252.6315789473684
113.75384252172609,252.6315789473684
158.10327867081463,342.85714285714283
128.15546726458916,282.3529411764706
130.747442154621,300.0
133.2114013093203,300.0
102.03822924958236,218.1818181818182
128.70212092652557,282.3529411764706
112.21582554185515,240.0
129.18557567546884,282.3529411764706
113.21974288606998,252.6315789473684
99.12416658438208,228.57142857142858
128.71199124699575,300.0
98.90786953458264,240.0
110.87961103821748,252.6315789473684
104.86988171416469,240.0
136.62145003771252,282.3529411764706
133.91856076898247,282.3529411764706
119.0691418889702,252.6315789473684
86.38728468873019,200.0
121.19279667661273,252.6315789473684
130.7689433733171,282.3529411764706
107.78620783009228,240.0
121.9142298556395,266.6666666666667
129.69767127349843,300.0
131.49140409924232,300.0
112.97284751254085,252.6315789473684
145.80880731555703,342.85714285714283
132.81779557919657,300.0
96.36601072116804,228.57142857142858
116.30963810672783,252.6315789473684
130.292252302385,282.3529411764706
113.90858027975803,252.6315789473684
142.32599327448497,300.0
133.58292731351384,300.0
109.63840590763678,266.6666666666667
154.4612987133136,342.85714285714283
103.1345496994248,228.57142857142858
129.54650941781543,282.3529411764706
135.91872984659048,300.0
150.26794228203548,320.0
118.3659790656377,266.6666666666667
105.13997220239916,240.0
112.06051700250055,266.6666666666667
119.77710627831544,282.3529411764706
132.57864898126158,282.3529411764706
156.30559595424003,342.85714285714283
120.25163321671101,282.3529411764706
106.53855874179942,240.0
116.03845876202534,252.6315789473684
109.73931831940713,252.6315789473684
168.25754434674812,369.2307692307692
101.4003306746062,228.57142857142858
102.11252773137943,240.0
112.88291808166633,252.6315789473684
131.0292811915673,300.0
128.95828336591424,300.0
132.2565404772415,282.3529411764706
121.64978906991337,266.6666666666667
114.79065328220891,252.6315789473684
152.4359544210355,300.0
114.11097570357146,266.6666666666667
132.80354178297202,282.3529411764706
128.58724398584934,266.6666666666667
149.1767675820707,320.0
100.94132663381043,228.57142857142858
127.39869848839254,266.6666666666667
124.69860976961604,266.6666666666667
112.61027024515818,240.0
135.07246639088459,282.3529411764706
113.44940060616783,252.6315789473684
99.3691457996953,240.0
169.44809776071924,369.2307692307692
109.71661752056949,252.6315789473684
104.21578960711744,240.0
101.7357785842207,228.57142857142858
119.35907305342337,252.6315789473684
110.46322157184488,252.6315789473684
123.76639643923795,266.6666666666667
102.0987256557632,240.0
97.5400223556504,228.57142857142858
117.86750526205003,282.3529411764706
125.60110772035011,282.3529411764706
108.49485390330084,252.6315789473684
115.5876078957048,252.6315789473684
145.37199013784817,320.0
113.99572539162385,252.6315789473684
128.8084629274167,300.0
100.3877798073254,218.1818181818182
96.35634536976359,218.1818181818182
107.24388892091328,252.6315789473684
152.90686256390376,342.85714285714283
87.22726632934085,200.0
93.07102359413311,208.69565217391303
124.90717573603,282.3529411764706
127.99924537624292,282.3529411764706
168.61010086246503,342.85714285714283
111.5599295158167,240.0
115.28062529899,252.6315789473684
170.35788231567665,369.2307692307692
135.36488752140576,320.0
103.85918553181514,218.1818181818182
142.5379248551827,320.0
98.64971573965096,228.57142857142858
141.33538363065492,300.0
103.90971806834202,228.57142857142858
139.80381146725472,300.0
147.86466179329045,342.85714285714283
132.3826112282746,300.0
113.66430360209637,266.6666666666667
95.12892894064649,240.0
106.80989147703833,240.0
103.49033962547271,240.0
124.61399793679611,282.3529411764706
82.13865175152326,200.0
90.71092787074774,200.0
113.19598395590265,266.6666666666667
99.03316708361781,218.1818181818182
154.0178346945796,342.85714285714283
123.73170460281017,300.0
129.99426098857452,300.0
102.6097618611742,240.0
125.66844418989012,282.3529411764706
114.79462876364617,282.3529411764706
132.89277206122205,320.0
103.50828067295251,228.57142857142858
106.91046108795913,252.6315789473684
153.65866267525215,342.85714285714283
127.55427283981999,282.3529411764706
140.12300677083573,300.0
132.50153080614226,320.0
165.4810007466062,342.85714285714283
128.57013912248317,282.3529411764706
121.67743931441952,266.6666666666667
146.2845463269188,342.85714285714283
124.37969858244196,252.6315789473684
102.93526831488714,228.57142857142858
120.52663943212843,266.6666666666667
126.58611579459378,300.0
120.45886255049852,266.6666666666667
117.64857083552049,266.6666666666667
106.67022478843853,228.57142857142858
140.16465339231496,320.0
118.08679614353191,282.3529411764706
128.08241044706074,266.6666666666667
149.47511656374664,342.85714285714283
116.0964939115465,266.6666666666667
122.57645050597499,282.3529411764706
114.27284409613806,240.0
124.36532270415928,282.3529411764706
114.3663184785739,266.6666666666667
138.9340831198391,320.0
113.75336262275614,240.0
141.57728746750897,320.0
108.75617557485032,240.0
125.73920499359532,266.6666666666667
139.4989382514356,320.0
108.44637293904478,228.57142857142858
112.20582821610739,252.6315789473684
152.30724036972157,320.0
111.63274445195123,252.6315789473684
124.08951968181691,282.3529411764706
117.39636696041525,252.6315789473684
124.68865917871712,282.3529411764706
135.51615298534034,300.0
151.10482406121068,342.85714285714283
112.58713386929554,266.6666666666667
131.31851560174835,282.3529411764706
104.8642096256322,228.57142857142858
146.95530112149055,300.0
141.5563582198774,320.0
142.42856435227728,342.85714285714283
112.0728605938394,266.6666666666667
109.5903775804949,240.0
117.13231637558708,266.6666666666667
147.56266570395408,320.0
140.37341102479684,320.0
111.1462998599802,252.6315789473684
142.51807006506712,300.0
112.38970810494622,240.0
128.31185823252548,300.0
116.86621023229772,266.6666666666667
114.4466942153457,252.6315789473684
110.06869326835148,252.6315789473684
117.40635745932462,266.6666666666667
145.92936258275893,320.0
149.89661504807523,342.85714285714283
158.99652886154863,342.85714285714283
153.9149296448683,320.0
133.66693794327506,282.3529411764706
121.89508921635718,300.0
117.96456597905669,266.6666666666667
160.0293444916885,369.2307692307692
125.59053555619143,282.3529411764706
137.34925819356556,300.0
127.79507223706081,282.3529411764706
155.13384839266226,320.0
135.01802648518816,300.0
110.09674579814848,240.0
135.6922137370449,300.0
121.92690677366019,266.6666666666667
119.4734234299051,266.6666666666667
138.7760163858497,300.0
106.61563731358076,252.6315789473684
178.1788134477987,369.2307692307692
140.80005830315343,320.0
142.361903726295,320.0
142.92016206553507,300.0
158.04228227929187,342.85714285714283
170.49648381339938,369.2307692307692
151.6910376155994,320.0
138.48532773163464,282.3529411764706
132.80298783055872,300.0
152.47713994889753,342.85714285714283
169.04347173997323,342.85714285714283
109.064256231976,252.6315789473684
135.7131201975012,282.3529411764706
157.7328190844024,342.85714285714283
125.18100622463729,266.6666666666667
121.10877339679128,282.3529411764706
160.86404885295926,342.85714285714283
155.94884543716415,342.85714285714283
155.1381595880373,342.85714285714283
155.95696219797946,342.85714285714283
119.37564546617628,282.3529411764706
159.97348736195428,342.85714285714283
132.85130580386024,282.3529411764706
132.59865494559472,300.0
140.32708865600898,300.0
132.74928802485616,282.3529411764706
164.8754525134111,342.85714285714283
157.03753488654806,342.85714285714283
163.35416789696092,342.85714285714283
180.01822615245925,369.2307692307692
127.86768760139361,300.0
164.36263681272808,342.85714285714283
116.03609656291991,252.6315789473684
141.9895661726565,300.0
135.2936423011824,282.3529411764706
113.35366475551665,252.6315789473684
165.4092879609141,342.85714285714283
138.30638204213244,300.0
127.07572622769828,282.3529411764706
166.48192639215307,342.85714285714283
102.60629458797797,218.1818181818182
124.58506938926514,266.6666666666667
124.79675400870151,252.6315789473684
161.85753271846917,342.85714285714283
127.9190802758126,266.6666666666667
133.7757487135966,282.3529411764706
99.61652997520028,218.1818181818182
130.63263698661714,266.6666666666667
155.80080455432454,320.0
121.96877176699294,252.6315789473684
131.92295104011157,282.3529411764706
149.79275739616116,300.0
112.1348463543746,240.0
117.4203104402624,252.6315789473684
160.2330480120781,320.0
149.28043245009485,320.0
160.63938637523847,342.85714285714283
121.94708252719427,252.6315789473684
133.36049604736243,266.6666666666667
129.76397829054375,282.3529411764706
132.60259775259527,282.3529411764706
137.24047499617117,266.6666666666667
157.42605025758516,342.85714285714283
108.24346125941355,228.57142857142858
111.498300200469,240.0
152.90587143589133,320.0
155.87352443569966,342.85714285714283
133.6007369292651,282.3529411764706
124.60415887071537,266.6666666666667
146.38088901065132,320.0
149.95413545879953,342.85714285714283
137.8347085261803,282.3529411764706
138.63735127377402,282.3529411764706
131.2545353476422,266.6666666666667
100.17607394435011,228.57142857142858
131.1399631497765,282.3529411764706
142.02120201985574,300.0
151.74846125644635,300.0
106.11869604176242,228.57142857142858
137.9307115322838,282.3529411764706
124.52169399339773,252.6315789473684
139.3019990021179,320.0
145.25430904015747,320.0
133.35025880266687,266.6666666666667
138.60949125429923,300.0
155.25181969848677,342.85714285714283
120.67243272468137,252.6315789473684
153.70432583773297,342.85714285714283
126.23406914079997,252.6315789473684
139.44759634166098,282.3529411764706
120.22520977740868,266.6666666666667
144.31955913857163,320.0
130.6262640318889,266.6666666666667
136.2025947359365,300.0
135.3270044610411,300.0
132.3889056175187,300.0
167.18144681553972,342.85714285714283
110.26152435193077,240.0
125.36541229417944,282.3529411764706
117.74474536934923,252.6315789473684
146.11164158299556,300.0
132.8048045946631,282.3529411764706
135.49893461358195,300.0
131.45073965987547,300.0
106.59186808287109,240.0
160.49926311171777,342.85714285714283
156.0334459057339,342.85714285714283
128.3074260227377,282.3529411764706
159.9294823979235,320.0
139.5320031333701,282.3529411764706
117.87758274266784,252.6315789473684
114.48791632916776,252.6315789473684
128.4782136349332,282.3529411764706
128.40137373504427,266.6666666666667
136.3888149716917,300.0
125.71107976556425,282.3529411764706
119.74742609324943,282.3529411764706
172.1573449357526,369.2307692307692
97.3163313778147,228.57142857142858
97.8388668974519,218.1818181818182
160.31864159940582,320.0
157.42593712490077,320.0
158.83917765124224,342.85714285714283
176.16782916692557,369.2307692307692
154.82176063591913,342.85714285714283
193.87018471286453,400.0
136.58394252398503,282.3529411764706
160.676274978544,342.85714285714283
130.7290596785493,282.3529411764706
161.95311909061488,342.85714285714283
153.4899754060402,320.0
134.93435402854178,282.3529411764706
129.8812408377202,266.6666666666667
162.28214263602916,369.2307692307692
126.0548053907279,282.3529411764706
104.91455479438316,228.57142857142858
103.57804955758338,240.0
116.88991889996123,266.6666666666667
142.5394604436427,282.3529411764706
111.68482486528107,240.0
161.0432284334032,369.2307692307692
146.12387054053423,300.0
154.13908146998085,320.0
111.74937693718687,228.57142857142858
140.83484379524847,300.0
104.51626982440065,218.1818181818182
106.94442997839815,228.57142857142858
107.4565719033631,228.57142857142858
133.78578375634262,282.3529411764706
124.86635598095638,266.6666666666667
120.71828150252406,252.6315789473684
129.58458978350802,266.6666666666667
142.01641629744856,300.0
118.47050523023245,266.6666666666667
137.7193037836815,300.0
124.67467517553489,252.6315789473684
136.74771802116246,300.0
157.9135592020245,342.85714285714283
181.13339075882152,369.2307692307692
117.09165501092423,252.6315789473684
163.43411845278047,342.85714285714283
138.39262869183912,300.0
144.53006746399416,300.0
99.43939265190629,218.1818181818182
127.78390855583459,266.6666666666667
134.92920515482305,282.3529411764706
113.24843285223832,228.57142857142858
133.69224155122998,300.0
104.23280124820673,218.1818181818182
122.06780852757362,266.6666666666667
175.36812731465216,369.2307692307692
120.29627232523475,252.6315789473684
162.33431562026576,320.0
158.065148210199,320.0
120.47845164384377,282.3529411764706
159.0573949181094,342.85714285714283
133.62800967927274,266.6666666666667
114.42151572740536,240.0
129.93375096666045,282.3529411764706
159.91553179373486,320.0
154.97257569294203,342.85714285714283
176.35845718479416,369.2307692307692
136.1049241348981,300.0
126.51434306849058,252.6315789473684
157.1641672614754,342.85714285714283
132.62778334041565,266.6666666666667
156.21039775422955,320.0
136.94837078899982,300.0
118.28662667586805,240.0
119.58714577751421,252.6315789473684
132.62627380522554,282.3529411764706
135.72123706299644,266.6666666666667
119.5902924278997,252.6315789473684
132.03736657351902,266.6666666666667
113.01570832632554,240.0
149.8457008511337,300.0
115.52628659750863,240.0
106.56525021179522,228.57142857142858
162.91405474130292,342.85714285714283
136.6441886940098,282.3529411764706
142.76272537164743,300.0
106.4748836008849,228.57142857142858
131.3989978384328,282.3529411764706
142.35400851758288,300.0
162.70198453488553,300.0
145.37150227480163,300.0
163.8060442618525,320.0
126.00127225108356,266.6666666666667
149.41122999179908,320.0
144.8419070088964,300.0
110.55835764992415,240.0
118.64065035294013,240.0
120.34787857343481,240.0
130.46114019274324,282.3529411764706
117.17542857164503,252.6315789473684
189.51422614330284,369.2307692307692
137.45397124653354,300.0
144.3181780223686,282.3529411764706
131.5326320446326,252.6315789473684
120.89264271634802,252.6315789473684
143.18841014637354,300.0
182.5710393110008,369.2307692307692
149.05743257825415,320.0
129.5124003884766,282.3529411764706
146.09665391437298,300.0
137.42015649833309,300.0
119.16995436427649,240.0
157.21978171187345,320.0
211.31770719132703,400.0
161.89478705843928,320.0
143.17586577827564,300.0
162.4709926150071,342.85714285714283
146.88974181351577,300.0
155.37686902902325,320.0
172.5744295479902,342.85714285714283
158.07856172025538,320.0
138.3854435451569,282.3529411764706
163.63487561794736,342.85714285714283
177.16204587969864,342.85714285714283
142.1278617860406,300.0
164.63119799979307,342.85714285714283
141.10493973527764,282.3529411764706
180.04776239791042,369.2307692307692
160.7635249978465,320.0
168.0132935829011,320.0
170.86477666746987,342.85714285714283
189.6340497319773,369.2307692307692
147.70710976485805,300.0
142.6950573296151,300.0
153.68722189104255,300.0
123.91267291958945,252.6315789473684
132.34016300136608,282.3529411764706
144.9192837489567,282.3529411764706
168.43213563543654,342.85714285714283
188.94490827122192,369.2307692307692
179.17548458309417,342.85714285714283
155.44651348312775,320.0
200.5842285011071,400.0
122.0113454976821,240.0
148.24890793943342,320.0
167.79690842989402,342.85714285714283
176.59111069379378,369.2307692307692
136.31896118718964,282.3529411764706
163.23249251544112,320.0
158.0048746147771,320.0
184.34922739531373,369.2307692307692
146.94797313191006,300.0
111.07157113550056,228.57142857142858
165.8675281295289,320.0
148.0329393202241,320.0
146.13327180815244,282.3529411764706
184.37095154219307,369.2307692307692
141.8729753865607,300.0
166.20154706439493,320.0
158.27623842817655,320.0
147.2625744113357,320.0
154.8174254537883,320.0
142.4775441148967,300.0
140.6339704797467,320.0
189.95019582322317,369.2307692307692
133.359242340023,282.3529411764706
135.4139402476575,300.0
177.3202045893295,369.2307692307692
163.594007197468,369.2307692307692
166.03647182010255,342.85714285714283
158.5230997525147,320.0
170.39967790427625,369.2307692307692
166.36402487194627,342.85714285714283
194.14908035962694,369.2307692307692
177.3995839434855,342.85714285714283
153.44166750852062,320.0
166.75559629506353,342.85714285714283
128.91735603925136,282.3529411764706
155.3014141631238,320.0
165.00282063590856,342.85714285714283
204.52932182963426,400.0
167.81215927418842,342.85714285714283
151.81227579845122,320.0
147.9610323800486,300.0
204.7092978295291,400.0
146.383747972173,300.0
146.38464779876452,320.0
155.31527004436634,342.85714285714283
178.4914169076892,369.2307692307692
188.80105716482538,369.2307692307692
145.58481659776396,300.0
173.65911339290034,342.85714285714283
177.31533666384746,369.2307692307692
152.42740430714696,320.0
161.61810653642632,342.85714285714283
154.20749739597252,320.0
161.8426029990622,320.0
151.86810914173466,320.0
153.68070452737018,320.0
139.14096584147035,282.3529411764706
181.34380160971116,342.85714285714283
175.24285227884417,342.85714285714283
159.97827392561715,320.0
154.95729915095393,300.0
182.33152423254074,342.85714285714283
144.66944635128428,300.0
175.83840657577525,342.85714285714283
175.56617829632378,342.85714285714283
150.23224811665375,300.0
138.34384287803715,282.3529411764706
172.47102515686473,342.85714285714283
148.44568359501667,300.0
139.64948765190206,282.3529411764706
143.0379741426842,300.0
161.96833724618702,342.85714285714283
155.4617967909822,342.85714285714283
126.63331350690139,266.6666666666667
178.68519544254045,369.2307692307692
145.59934532544375,300.0
166.51857188906746,342.85714285714283
152.4190692624985,320.0
140.89738210732634,320.0
191.76364024933466,369.2307692307692
126.162386664336,266.6666666666667
179.0529707449755,369.2307692307692
150.71881725217446,320.0
138.83269184262474,282.3529411764706
183.6868981003729,400.0
143.81937861450638,282.3529411764706
139.57007187036876,282.3529411764706
188.69717956879873,369.2307692307692
181.28806111457772,369.2307692307692
179.3431292754381,369.2307692307692
174.13777606145783,369.2307692307692
152.91607618076682,300.0
146.20682464065194,320.0
141.5584692002301,282.3529411764706
175.5222416754557,342.85714285714283
120.48826488264831,266.6666666666667
180.3683274576791,342.85714285714283
132.04800575444727,300.0
161.18404066213648,342.85714285714283
188.0879074807301,400.0
189.67516232892083,369.2307692307692
174.0806525970667,342.85714285714283
141.3958382435538,300.0
160.346990560025,342.85714285714283
134.94854918049174,282.3529411764706
144.90471093365645,282.3529411764706
141.61952684562195,282.3529411764706
148.14567480538912,320.0
148.53487950028773,300.0
159.55505028054253,320.0
153.19128067213995,320.0
144.8408075728217,300.0
133.8485108284921,266.6666666666667
160.60661441723545,342.85714285714283
134.32414594023632,282.3529411764706
176.50869609193512,369.2307692307692
114.02332618052472,228.57142857142858
176.35021603324364,342.85714285714283
167.64624897304836,342.85714285714283
140.3557284144946,282.3529411764706
204.8868669953066,400.0
122.36894407831512,266.6666666666667
139.88532011354036,282.3529411764706
153.00670512462625,300.0
158.42378136834088,320.0
164.44551108579589,320.0
146.85558818589186,300.0
160.1095355032748,342.85714285714283
172.1556327527015,342.85714285714283
166.28959946321993,320.0
166.98901724183236,320.0
170.64206074669931,342.85714285714283
124.96880099898834,266.6666666666667
181.37704889587053,342.85714285714283
128.18217341587334,252.6315789473684
128.1737855223889,266.6666666666667
167.56953017790315,342.85714285714283
157.26364448824395,342.85714285714283
214.0282788511614,400.0
168.68204425013036,342.85714285714283
136.46082528738455,282.3529411764706
148.37556427784182,300.0
151.01819239328896,320.0
165.77150978855374,342.85714285714283
163.9841760440594,320.0
171.6752598324135,342.85714285714283
122.48713374209089,266.6666666666667
152.310819815324,320.0
163.2437574118592,320.0
164.52838138114998,342.85714285714283
187.6964185867223,342.85714285714283
184.92763765365476,342.85714285714283
148.13162703820774,300.0
154.51637165741394,320.0
146.0018508925298,300.0
159.5689297859529,320.0
163.2910929208985,320.0
140.28596457039308,282.3529411764706
149.54147876901214,300.0
149.97811894369903,300.0
154.3175017542762,320.0
176.41411215906342,342.85714285714283
166.01588268927838,320.0
168.34179330625832,342.85714285714283
123.4317807741573,240.0
172.88924343988887,342.85714285714283
171.83326621667808,342.85714285714283
131.645161165399,282.3529411764706
141.59010448554423,282.3529411764706
153.89842131042403,320.0
151.7090768922335,300.0
200.3570547830187,400.0
149.18723556577683,320.0
154.44223225717664,320.0
146.27708452909144,300.0
191.9249351014683,369.2307692307692
149.93962624329419,300.0
159.07835563787998,320.0
173.5061641940934,369.2307692307692
185.58620983833038,369.2307692307692
140.45159706658544,282.3529411764706
150.36101729987305,300.0
182.8882194828016,369.2307692307692
151.0317166383805,300.0
184.35345199152968,369.2307692307692
145.20948601450047,300.0
127.00557822687193,266.6666666666667
172.98413397526159,342.85714285714283
178.39468071756042,369.2307692307692
153.95948072986013,320.0
166.4208903610971,342.85714285714283
178.44747968044229,342.85714285714283
168.16812172141505,342.85714285714283
163.69496200196983,342.85714285714283
195.60007671737853,400.0
171.673288097667,342.85714285714283
137.12953934406426,282.3529411764706
136.25883668258942,300.0
143.51422363979825,282.3529411764706
145.6684792078906,282.3529411764706
136.35740452176037,266.6666666666667
177.329999161039,342.85714285714283
194.72981631938066,369.2307692307692
121.50580061450187,240.0
147.85169138504415,300.0
131.07820841823582,266.6666666666667
187.17451007361393,369.2307692307692
165.09060442517662,320.0
152.13705165023924,300.0
152.50561399874388,300.0
214.45090356437018,400.0
163.9334493724027,320.0
176.44313365959073,342.85714285714283
151.47333790765614,320.0
138.24429078524767,282.3529411764706
146.17964661222658,282.3529411764706
153.0380174447309,300.0
174.219611344625,342.85714285714283
168.4404526911121,342.85714285714283
157.43082610938427,300.0
163.63898817845484,320.0
148.66398562342232,282.3529411764706
124.71029010523311,252.6315789473684
146.8939174650776,300.0
134.49231058996983,282.3529411764706
126.57025296389776,266.6666666666667
192.10515892450542,369.2307692307692
104.14634182751765,228.57142857142858
180.13989804753945,342.85714285714283
137.2054787618861,282.3529411764706
179.92615589142557,342.85714285714283
202.71087708362901,400.0
120.64540802313104,252.6315789473684
150.66281360016444,300.0
181.88156158407318,342.85714285714283
148.96097850183318,282.3529411764706
139.53194180870855,300.0
196.43065335484354,369.2307692307692
137.98863322295836,282.3529411764706
133.34007109613344,252.6315789473684
151.6324338801719,282.3529411764706
138.9053690680659,282.3529411764706
132.5918460901804,266.6666666666667
153.34636555820106,300.0
169.35490216218543,320.0
136.01046601826204,266.6666666666667
161.88552107315593,300.0
153.79422354386543,300.0
131.26667257623362,252.6315789473684
135.86972359684006,266.6666666666667
176.86667377671125,342.85714285714283
164.9356733268371,300.0
122.24191723669851,252.6315789473684
113.87538306637495,228.57142857142858
142.5595995870765,282.3529411764706
128.7021627845298,252.6315789473684
178.23708529838888,369.2307692307692
152.30164392849744,300.0
152.4210263246624,320.0
152.07976550280517,300.0
158.86464151045695,320.0
146.35258469452043,282.3529411764706
144.27527560159584,282.3529411764706
99.99079416506906,200.0
137.41415062129212,266.6666666666667
155.41325903446398,320.0
135.30805844181884,266.6666666666667
148.69001552322243,300.0
139.43010229081284,300.0
195.23314585863088,369.2307692307692
154.42608411695772,300.0
179.41485039235334,342.85714285714283
162.67151654051779,320.0
190.4845764510406,369.2307692307692
146.5966851251962,320.0
169.1176737925963,320.0
172.31301585750703,342.85714285714283
165.8618087361645,320.0
172.23075940914262,320.0
181.14958478240047,342.85714285714283
150.22047041218,300.0
148.24270589694794,300.0
177.11308830249047,342.85714285714283
191.86809699468716,369.2307692307692
164.88851138542756,320.0
127.56729870007837,252.6315789473684
162.5962446674886,320.0
160.2060981461179,320.0
211.48811665829132,400.0
145.00062014549079,282.3529411764706
143.78889660450054,282.3529411764706
160.23346409961778,320.0
166.33251004914334,320.0
158.81745557352286,300.0
159.43270381115306,320.0
164.27388207507758,342.85714285714283
164.7979535004194,320.0
202.54336141654596,400.0
136.11349655711925,282.3529411764706
168.85740925510962,342.85714285714283
149.66737774935177,300.0
153.21702155568994,300.0
197.22889170451612,369.2307692307692
129.69236047514573,252.6315789473684
176.09404538529083,342.85714285714283
149.62951612129717,300.0
163.1889438540801,320.0
133.46090294209014,266.6666666666667
193.45958136682572,369.2307692307692
154.76049347572717,300.0
136.52954265911015,282.3529411764706
187.72113212888402,369.2307692307692
179.5935227067134,342.85714285714283
145.4655198663194,282.3529411764706
160.71804269229324,320.0
137.80081218422106,282.3529411764706
92.69268197083467,200.0
134.61075889137527,282.3529411764706
134.2317429559396,282.3529411764706
156.24109354769502,300.0
153.99186130137102,300.0
132.46258425662987,266.6666666666667
164.7113722313378,320.0
212.74523744514352,400.0
172.38609583685766,342.85714285714283
140.49731190647353,282.3529411764706
147.57206518983034,300.0
161.7781897903114,342.85714285714283
139.98269514591925,282.3529411764706
166.6113078485944,320.0
139.13872545650756,282.3529411764706
169.35675458373407,342.85714285714283
202.6669102056942,400.0
