ep_returns,ep_lens
14.054100446784563,39.66942148760331
14.400366690114502,39.02439024390244
14.739528151072028,39.02439024390244
15.052503666588489,39.34426229508197
14.717139819641377,39.66942148760331
15.112406297242588,40.33613445378151
15.852201478577765,41.37931034482759
15.48912677806692,42.10526315789474
15.912562512756303,42.47787610619469
15.955621999733046,42.47787610619469
15.721171341139435,41.37931034482759
16.054828471476302,41.37931034482759
16.465008468704873,41.73913043478261
16.316790804934506,43.24324324324324
16.999346103156523,43.63636363636363
16.16121488213035,42.857142857142854
17.40847366679893,43.24324324324324
17.39134613968689,44.03669724770642
16.916122225714933,44.03669724770642
17.431107320728813,44.03669724770642
17.932711246611035,44.44444444444444
17.24695157997218,43.63636363636363
17.90419417224369,44.44444444444444
18.147627299238486,45.283018867924525
18.236125836438195,45.714285714285715
18.82697833346138,46.601941747572816
18.664665216529496,46.15384615384615
17.631515279587386,44.85981308411215
18.469062612300462,45.283018867924525
18.520574647327503,44.85981308411215
18.86881979051227,46.601941747572816
19.041040735540527,46.601941747572816
19.707069688764783,47.524752475247524
18.85701228530804,46.601941747572816
20.365403702838247,48.484848484848484
19.89473017622292,48.0
20.05874849351195,47.524752475247524
19.786954720779868,48.0
19.663629810852697,47.05882352941177
20.39015919053939,48.97959183673469
20.619108562831375,49.48453608247423
20.560988918781234,48.484848484848484
20.43918426469579,48.484848484848484
20.362537244554513,48.0
20.311187130157677,48.484848484848484
20.682027459023473,48.0
20.349793515893325,48.0
21.08768276890618,50.0
19.988259364900763,46.601941747572816
21.182255000474076,48.97959183673469
21.79506079626501,50.526315789473685
21.55674953158572,50.526315789473685
21.342614554053643,50.0
21.478424551825224,50.526315789473685
20.221697152653377,47.524752475247524
21.01169481966039,50.0
22.25881486187356,52.17391304347826
20.793641508852854,48.97959183673469
21.809073523086788,50.526315789473685
21.040450742639628,50.0
21.380537643695,50.526315789473685
22.85964712893505,53.333333333333336
20.77781915291771,48.97959183673469
22.759918572395332,53.333333333333336
20.71674135213426,49.48453608247423
22.108861436615427,52.17391304347826
22.324174332134287,52.747252747252745
22.33086373225129,51.06382978723404
23.41273048304321,54.54545454545455
22.43856799679908,52.17391304347826
22.721590388517743,53.333333333333336
22.74028323417675,52.747252747252745
22.525873847758838,52.747252747252745
22.394894341396256,52.17391304347826
23.45484731118798,53.93258426966292
22.951821629746185,52.747252747252745
22.857016269856214,53.93258426966292
23.55561193439793,54.54545454545455
23.021393434491948,53.93258426966292
23.694014950059092,54.54545454545455
24.26946914581,55.81395348837209
23.028091500729303,53.93258426966292
23.1314469556796,53.93258426966292
23.37482175657744,53.333333333333336
23.350915470382844,53.93258426966292
24.050254709476445,55.172413793103445
25.55856980976769,57.142857142857146
23.976270840324247,55.81395348837209
23.96233733919159,55.81395348837209
24.0386008334035,56.470588235294116
24.332400894537095,57.142857142857146
24.378014226808478,57.142857142857146
23.764808960779842,55.81395348837209
26.2641249444739,60.0
24.1518514113462,55.81395348837209
26.108333496342244,59.25925925925926
25.102985198163537,57.83132530120482
25.205658279029816,57.142857142857146
25.04860329730391,57.83132530120482
25.050273145475007,58.53658536585366
25.334411122077807,59.25925925925926
25.29185668123512,59.25925925925926
25.265665273445,58.53658536585366
23.327623110044076,55.172413793103445
26.26677351114604,60.75949367088607
27.57405575136566,63.1578947368421
25.900153452572436,59.25925925925926
27.39289475453139,63.1578947368421
25.52889910821132,59.25925925925926
26.990033085304887,60.75949367088607
26.03462969414384,60.75949367088607
25.59799475114441,60.75949367088607
25.0648306170312,58.53658536585366
26.425910023804356,60.75949367088607
25.121644556714976,58.53658536585366
26.784871853854064,63.1578947368421
29.189726540512698,65.75342465753425
26.33314801142111,61.53846153846154
27.484635313482606,62.33766233766234
27.7066072937178,63.1578947368421
24.933500013284768,58.53658536585366
28.974435235445892,65.75342465753425
28.522731204492008,65.75342465753425
25.499575509407343,60.0
27.973786194435114,64.0
28.772020417594156,66.66666666666667
27.06922962033962,62.33766233766234
29.754333694211613,67.6056338028169
28.301111440648803,64.86486486486487
29.426367919176275,66.66666666666667
29.440047847236094,66.66666666666667
29.759742791269723,66.66666666666667
30.312770152049215,68.57142857142857
30.45530894415804,69.56521739130434
29.947198474977355,66.66666666666667
31.16694766740554,68.57142857142857
30.471286689651,67.6056338028169
30.235362000282127,67.6056338028169
29.50871664337622,66.66666666666667
30.764310085641966,68.57142857142857
30.003291153950755,67.6056338028169
28.648955333258737,66.66666666666667
31.10423462577478,70.58823529411765
29.648191010503318,67.6056338028169
30.994122057152477,69.56521739130434
32.15758207515631,72.72727272727273
30.009222659860523,69.56521739130434
30.357742526205513,69.56521739130434
27.45425640491443,64.0
31.131925875369888,70.58823529411765
31.65902464904737,71.64179104477611
32.9022051216771,72.72727272727273
32.6235076572835,73.84615384615384
31.224875845168587,70.58823529411765
33.85353713345485,76.19047619047619
34.55485439030437,76.19047619047619
34.915741515087284,77.41935483870968
33.630932716474334,75.0
31.808716758877456,71.64179104477611
32.07056728773182,71.64179104477611
34.12721508827944,75.0
32.539194712210964,72.72727272727273
37.58544241007342,81.35593220338983
33.142725431429724,72.72727272727273
33.44211903157394,73.84615384615384
35.09530009376922,76.19047619047619
35.64626467218288,81.35593220338983
35.201729798311916,78.68852459016394
34.50357502678899,76.19047619047619
38.469455460679335,84.21052631578948
34.47193992329688,77.41935483870968
37.07891107207706,82.75862068965517
35.2059406668765,77.41935483870968
32.84726170126131,73.84615384615384
34.71823128813643,76.19047619047619
36.64039890648219,81.35593220338983
36.93482948404908,81.35593220338983
39.0090316483801,84.21052631578948
38.82358408676936,85.71428571428571
42.15698591228235,90.56603773584905
40.2450705379507,88.88888888888889
37.05423945382992,81.35593220338983
38.823328733310746,85.71428571428571
38.87838565665792,85.71428571428571
39.11795700191307,85.71428571428571
41.998290243821124,90.56603773584905
36.93696621677704,82.75862068965517
40.81877548335694,88.88888888888889
38.227519005157035,84.21052631578948
37.30331691922744,82.75862068965517
42.08604384966958,90.56603773584905
42.12889775437679,92.3076923076923
42.53446723109243,92.3076923076923
46.00445239464175,97.95918367346938
44.04569737375299,94.11764705882354
47.322908967157154,100.0
41.86134424343016,92.3076923076923
40.05053634483074,90.56603773584905
40.97746733967215,90.56603773584905
42.34469873734602,92.3076923076923
42.985717609013456,94.11764705882354
51.61271853813532,109.0909090909091
42.05926978575461,90.56603773584905
51.52128379285723,109.0909090909091
55.22938895545127,114.28571428571429
45.865121160599415,100.0
55.68068396116476,117.07317073170732
45.66051808883678,97.95918367346938
53.81022896764517,114.28571428571429
50.78707714718254,106.66666666666667
43.868211703165564,96.0
54.797330293257446,114.28571428571429
46.93943082383178,104.34782608695652
53.29278946330125,114.28571428571429
62.61129275186896,129.72972972972974
59.77621630645108,126.3157894736842
45.98300187789721,100.0
52.13396249204323,111.62790697674419
54.0456915986959,117.07317073170732
62.05847209792999,129.72972972972974
51.70155501990718,111.62790697674419
61.25247871638981,126.3157894736842
64.87257746636773,133.33333333333334
56.058842395372224,120.0
60.48750846976147,126.3157894736842
60.367163362721385,126.3157894736842
69.32526953309632,141.1764705882353
54.351115333559534,117.07317073170732
65.31960623527532,137.14285714285714
77.60940321284441,160.0
66.90774480100255,141.1764705882353
59.95572903681007,126.3157894736842
67.7182809705879,141.1764705882353
61.15401392352975,129.72972972972974
57.00855180981075,123.07692307692308
60.146597783383406,129.72972972972974
60.61717376451913,129.72972972972974
65.20534935350658,137.14285714285714
64.40096197075422,133.33333333333334
57.06710894975317,123.07692307692308
59.52234410737567,126.3157894736842
50.977943416493304,111.62790697674419
74.47572899301656,154.83870967741936
58.04542786931173,123.07692307692308
65.50534667313732,137.14285714285714
56.117120184625136,120.0
53.604557805613844,114.28571428571429
51.80982928147643,109.0909090909091
74.30718721542902,150.0
58.52397254450208,123.07692307692308
59.54015042764021,123.07692307692308
84.40549634679691,171.42857142857142
63.707254632688105,133.33333333333334
60.97091790952641,129.72972972972974
88.09623761186097,177.77777777777777
53.62365321641472,114.28571428571429
60.83480031175936,126.3157894736842
69.82407264104359,145.45454545454547
64.7229351750188,133.33333333333334
88.27423807133299,177.77777777777777
61.90579818868065,129.72972972972974
55.45357858885308,120.0
62.687227789008176,133.33333333333334
66.666329159819,141.1764705882353
80.9428353537664,165.51724137931035
75.06877124342482,154.83870967741936
67.44574114690806,141.1764705882353
74.88407186176806,154.83870967741936
79.16007576571307,160.0
80.27769703431596,165.51724137931035
59.710631897733876,126.3157894736842
88.41634413533133,177.77777777777777
68.96699860514696,145.45454545454547
66.58075439048534,137.14285714285714
87.50003753704871,177.77777777777777
75.73104652429024,154.83870967741936
77.39550284311677,160.0
71.46690041796742,150.0
77.05766798597621,160.0
81.94678797757508,171.42857142857142
77.69782950258248,160.0
73.33680232446399,160.0
83.7722396054253,177.77777777777777
82.34462984822737,177.77777777777777
101.00775764871933,208.69565217391303
77.63436389889156,165.51724137931035
86.91796116784496,177.77777777777777
76.55185961655125,160.0
73.42839694701347,154.83870967741936
63.61775985437401,137.14285714285714
73.92199503812284,154.83870967741936
99.32731087605184,208.69565217391303
92.99251827818424,192.0
104.34623678348757,208.69565217391303
93.01838713472303,192.0
84.29129043622834,171.42857142857142
78.66171337764287,165.51724137931035
85.2674825908273,177.77777777777777
93.74318489573416,192.0
104.9979523995228,208.69565217391303
70.82548846458985,154.83870967741936
72.80628858062147,154.83870967741936
82.80652670265546,177.77777777777777
76.77172669127897,165.51724137931035
99.6332401173929,208.69565217391303
82.17322774817075,177.77777777777777
82.2872140993477,177.77777777777777
89.36162067291735,184.6153846153846
90.94502474263369,192.0
77.49986766165667,165.51724137931035
101.57955903221269,208.69565217391303
73.19181218322956,154.83870967741936
103.24125640410826,208.69565217391303
89.41679826115887,184.6153846153846
91.44750921425664,192.0
79.80356602390033,171.42857142857142
87.64711765548114,184.6153846153846
113.18127405279972,228.57142857142858
82.59926037235245,171.42857142857142
102.46564326378096,208.69565217391303
107.92341077552274,228.57142857142858
118.60454818282923,240.0
93.14808242822028,208.69565217391303
115.14306615241605,240.0
92.68903098133528,200.0
107.63961744769894,218.1818181818182
111.00757353215974,228.57142857142858
82.45087060402504,177.77777777777777
85.67240300328419,184.6153846153846
110.30444554849753,228.57142857142858
117.39890716878563,240.0
81.29020265301509,171.42857142857142
130.25676379180427,266.6666666666667
95.56095376293938,200.0
131.40119824598918,266.6666666666667
90.09310201489474,200.0
89.61714061965321,192.0
116.96938479239715,252.6315789473684
85.88829974158452,184.6153846153846
118.35984396376507,240.0
118.00128328369041,240.0
99.6267625320665,208.69565217391303
104.51130716356306,218.1818181818182
116.55733573885439,252.6315789473684
107.44908202948632,218.1818181818182
116.26600563793605,240.0
92.14191512059938,200.0
91.95882849777556,192.0
94.43870683902662,200.0
119.62376836740407,252.6315789473684
133.36720900929993,266.6666666666667
84.95997348590417,177.77777777777777
100.7450734353116,208.69565217391303
124.91442384649432,252.6315789473684
89.65332406930855,192.0
111.50047996183251,228.57142857142858
95.3107783571299,200.0
103.85215772637034,218.1818181818182
103.60080413461723,208.69565217391303
106.8778508105777,218.1818181818182
115.13371960110229,240.0
134.11180631552563,266.6666666666667
187.26500393548596,369.2307692307692
114.07586058434072,240.0
110.86494413433063,228.57142857142858
102.6322401812491,208.69565217391303
127.73690763669396,266.6666666666667
95.7133000484305,200.0
144.58468973155667,282.3529411764706
122.79205959156168,252.6315789473684
135.17265458645753,266.6666666666667
118.50715352695597,240.0
85.74309380050019,184.6153846153846
119.74122484584196,252.6315789473684
117.86584471113599,252.6315789473684
130.7172168530316,266.6666666666667
119.03325882586296,252.6315789473684
123.48736594902641,252.6315789473684
119.25553936862056,252.6315789473684
110.66821764886242,240.0
155.76533753969338,320.0
108.80563186099612,228.57142857142858
102.96332722735224,218.1818181818182
155.85182953785335,320.0
124.57626212448699,252.6315789473684
127.89431661911794,266.6666666666667
94.24534349647837,192.0
97.07575271488746,200.0
132.6911718604489,282.3529411764706
165.3659331860371,320.0
158.65113578082446,320.0
107.4560690791237,228.57142857142858
105.59524197700628,228.57142857142858
119.32149383191772,252.6315789473684
140.26365726001436,300.0
190.34798050466964,369.2307692307692
148.24742579121957,300.0
155.70403007318643,320.0
159.5841829947871,320.0
110.98835065073088,228.57142857142858
115.56509967054816,240.0
98.05421855954606,208.69565217391303
111.36617275738061,228.57142857142858
136.5057634970381,282.3529411764706
166.06181891946153,320.0
95.2087047328389,200.0
141.98351238159293,282.3529411764706
147.31908235379032,300.0
146.65104436861583,300.0
150.32514295479973,300.0
119.11732990306801,252.6315789473684
144.17057030565363,282.3529411764706
128.02152075906577,266.6666666666667
92.63369010713166,200.0
155.82137079214706,320.0
144.16701353736522,282.3529411764706
121.34887650962158,240.0
170.94613771081745,342.85714285714283
116.61185365721943,240.0
149.5231137565491,300.0
128.83879634194352,266.6666666666667
147.96839760721974,300.0
119.99769322430735,252.6315789473684
133.51032877552942,266.6666666666667
149.9661779948134,300.0
138.1238488887597,282.3529411764706
127.06868378688156,252.6315789473684
149.20343765632305,300.0
153.00618688528903,300.0
134.22646051459196,266.6666666666667
160.28779513058677,320.0
161.8617188589193,320.0
135.97178083652136,282.3529411764706
117.22461949396477,240.0
172.7513434123635,342.85714285714283
159.7376965796708,320.0
109.73991304389529,228.57142857142858
146.00162518599723,300.0
146.97039570999732,300.0
122.83643263715553,252.6315789473684
120.1700727072291,252.6315789473684
156.87091902710822,320.0
147.64614726284498,300.0
159.55977472654223,320.0
156.13039182385316,320.0
209.29345331569417,400.0
159.9648003955702,320.0
148.2832661625556,300.0
118.63300368545214,252.6315789473684
141.85257743198744,282.3529411764706
150.6165680363622,300.0
156.33282762884147,320.0
145.30062487192816,300.0
148.572178908002,300.0
137.03794065324033,282.3529411764706
141.781735166574,282.3529411764706
150.78336315116175,300.0
133.72940609284274,266.6666666666667
138.2947856697984,282.3529411764706
160.7431809241995,320.0
172.07954558724637,342.85714285714283
156.2991270241754,320.0
141.4096602542678,282.3529411764706
129.89493176988896,252.6315789473684
181.0287010427407,369.2307692307692
170.81451041949066,342.85714285714283
152.30333703216655,300.0
192.06746926154182,369.2307692307692
142.57238792415373,282.3529411764706
165.6295597887791,320.0
155.32408989324608,300.0
164.64881706406047,320.0
134.2167971867665,266.6666666666667
180.24272200112682,369.2307692307692
166.7164218591334,320.0
185.16042854774602,369.2307692307692
152.458189621997,300.0
164.876795093298,320.0
191.7057241361346,369.2307692307692
154.41323996284706,300.0
141.03857875922984,282.3529411764706
152.57468499700258,300.0
120.29727537685298,240.0
142.22701186574062,282.3529411764706
128.32643315177182,252.6315789473684
144.84785316507575,282.3529411764706
109.54451219253679,218.1818181818182
128.02111110232735,252.6315789473684
160.30343657594912,320.0
121.68282265642284,252.6315789473684
161.5078559137318,320.0
143.20678381740242,282.3529411764706
143.4100104031783,282.3529411764706
164.69213343063745,320.0
140.52320328633462,282.3529411764706
133.0951993387391,266.6666666666667
136.82126422706892,266.6666666666667
91.71755954502619,192.0
160.00246215487488,320.0
147.458548247475,282.3529411764706
174.65444931545952,342.85714285714283
151.47362397808922,300.0
176.46140016966078,342.85714285714283
151.3763977489464,300.0
168.69678771517573,342.85714285714283
163.33101522646555,320.0
127.33234849975504,252.6315789473684
147.5480510519301,282.3529411764706
170.51469245764068,342.85714285714283
132.34163034569738,266.6666666666667
122.7601578779,252.6315789473684
174.67612780885247,342.85714285714283
164.58021461826203,320.0
154.93944446236324,300.0
174.95599493024238,342.85714285714283
173.72270228055854,342.85714285714283
110.24764061726711,228.57142857142858
145.90788510549098,300.0
167.23509759409643,320.0
132.51529233198005,266.6666666666667
191.09307686542707,369.2307692307692
206.58641941229317,400.0
188.9192627303604,369.2307692307692
171.72744073252156,342.85714285714283
151.23826736654996,300.0
138.98537552397715,282.3529411764706
184.26680173827265,369.2307692307692
171.67544731703882,342.85714285714283
161.04849561693754,320.0
187.11302252573654,369.2307692307692
173.4693064005864,342.85714285714283
131.38018070431048,266.6666666666667
168.99261887003158,342.85714285714283
191.79839679303979,369.2307692307692
159.91059152622105,320.0
146.77085857168004,300.0
141.83119464566266,282.3529411764706
118.36211183240475,252.6315789473684
193.8661647326783,369.2307692307692
199.0766993192537,369.2307692307692
130.98356986296469,266.6666666666667
171.2915253361862,342.85714285714283
182.62930315104543,369.2307692307692
139.58530598389916,282.3529411764706
172.36509077951425,342.85714285714283
150.10243934225747,300.0
157.68579350502327,320.0
161.209509204831,320.0
185.20411946675353,369.2307692307692
174.1573598801168,342.85714285714283
124.45633698805935,252.6315789473684
206.41106179795142,400.0
136.16732707290254,266.6666666666667
190.85201797944467,369.2307692307692
154.62188672924242,300.0
181.87053369662058,369.2307692307692
150.25424812060282,300.0
141.52589277003062,282.3529411764706
141.46247270932818,282.3529411764706
175.6990280082867,342.85714285714283
118.5353666389824,240.0
126.41427417410183,252.6315789473684
194.5905876492651,369.2307692307692
185.5580554463944,369.2307692307692
152.25733396668073,300.0
141.7836797893984,282.3529411764706
150.39637842641145,300.0
116.74603176460826,240.0
141.33779569736916,282.3529411764706
131.12218288936322,266.6666666666667
147.62152410236206,300.0
134.03643742039077,266.6666666666667
144.95023268180285,300.0
147.8677011356181,300.0
190.00913990211095,369.2307692307692
152.53725334554656,300.0
151.0533248596857,300.0
174.87233437920162,342.85714285714283
204.31061454776034,400.0
149.2010676900382,300.0
175.9496093476198,342.85714285714283
151.69459910202303,300.0
165.98209706047905,320.0
133.06992852639692,266.6666666666667
171.35517362729988,342.85714285714283
132.0659731451098,266.6666666666667
160.1874436794296,320.0
110.33760459523243,228.57142857142858
149.79176842282243,300.0
157.72020826426427,320.0
167.19528617659483,320.0
160.30795976619098,320.0
176.90312778913344,342.85714285714283
187.7419262136194,369.2307692307692
155.56144365231978,300.0
150.74516256296297,300.0
155.9856905899082,300.0
159.36799219304507,320.0
139.92017719702108,282.3529411764706
145.91923030222617,282.3529411764706
143.76479785558496,300.0
141.58835269745236,282.3529411764706
127.70992883342412,252.6315789473684
119.905994302602,240.0
174.77564898436142,342.85714285714283
190.04302756308664,369.2307692307692
189.9044540290269,369.2307692307692
178.3478138941073,342.85714285714283
152.55468902792035,300.0
123.49436109519044,252.6315789473684
152.51867411058922,300.0
135.76076139051943,282.3529411764706
144.21816508441285,282.3529411764706
142.10339648893108,282.3529411764706
163.1319610044587,320.0
166.50617982386473,320.0
157.02005386148463,300.0
188.01696416531462,369.2307692307692
128.51896710313457,252.6315789473684
135.27200960924958,266.6666666666667
155.1305198341141,320.0
174.0320583904207,342.85714285714283
189.96772936759584,369.2307692307692
131.88054143661333,266.6666666666667
153.39787675859682,300.0
153.6728736586783,300.0
155.13803765801532,300.0
151.12318667562764,300.0
115.46323406033409,228.57142857142858
134.1482155624934,266.6666666666667
137.4925192615068,266.6666666666667
184.36399340837082,369.2307692307692
189.83172481756873,369.2307692307692
191.9968668925897,369.2307692307692
104.79085449812696,218.1818181818182
174.71394281093953,342.85714285714283
144.68675021151753,282.3529411764706
165.3123092530008,320.0
188.32210086493265,369.2307692307692
158.72726680169782,320.0
164.54703271270046,320.0
179.32661267872393,342.85714285714283
161.98093344249313,320.0
170.741230067982,342.85714285714283
161.25026018533993,320.0
163.72667118467643,320.0
209.68910199810043,400.0
188.11058243159357,369.2307692307692
164.3440664609275,320.0
180.65878137070135,342.85714285714283
190.1204303549203,369.2307692307692
179.99623064773044,342.85714285714283
151.58996428792224,300.0
178.47342776373262,342.85714285714283
174.24319978382573,342.85714285714283
161.4035794758577,320.0
164.3340289831911,320.0
180.29558678954854,342.85714285714283
143.4739171416845,282.3529411764706
161.64054481956816,320.0
179.2182615680972,342.85714285714283
161.68705719210615,320.0
169.89068639332046,342.85714285714283
159.2098267959802,320.0
208.08092314157182,400.0
162.4416857055365,320.0
200.44414476695127,369.2307692307692
203.19157319407614,400.0
151.8818494653363,300.0
189.08259260814964,369.2307692307692
178.78317200959086,342.85714285714283
179.243519096488,342.85714285714283
176.689135110525,342.85714285714283
178.21864804241002,342.85714285714283
160.94162321503816,320.0
150.3326128339367,300.0
157.47585829615633,300.0
156.6133586296383,300.0
127.71321291798648,252.6315789473684
126.52344131099814,252.6315789473684
192.7454537993816,369.2307692307692
173.45530836879374,342.85714285714283
124.4986563236092,252.6315789473684
134.42308581568238,266.6666666666667
189.16141497574853,369.2307692307692
175.18612191740357,342.85714285714283
211.89010811713982,400.0
187.2335357387659,369.2307692307692
209.83653197485498,400.0
153.79663601601217,300.0
123.92824710849327,252.6315789473684
165.4713723411647,320.0
189.6641025854125,369.2307692307692
177.13963785083618,342.85714285714283
143.82238947384917,282.3529411764706
145.7903173937972,282.3529411764706
193.47753014388783,369.2307692307692
163.52487379991342,320.0
154.51656933257885,300.0
140.29600479863552,282.3529411764706
172.11515510357876,320.0
157.95412868572913,300.0
167.3646228671227,320.0
191.4335375319313,369.2307692307692
166.76760983794927,320.0
178.31899354987175,342.85714285714283
190.4045957115648,369.2307692307692
155.9682656372488,300.0
151.79167562441478,300.0
143.79369461382993,282.3529411764706
168.95774256776647,320.0
179.22556739973373,342.85714285714283
151.53248040864696,300.0
154.90761252451446,300.0
166.42853803448094,320.0
165.3997387062799,320.0
161.78685986249275,320.0
193.5380818101513,369.2307692307692
155.98659707876652,300.0
180.73575494109215,342.85714285714283
136.04655606880362,266.6666666666667
205.68092190884033,400.0
153.71305155610176,300.0
158.3148982935105,320.0
194.97776644456022,369.2307692307692
151.32443317111384,300.0
164.327701288944,320.0
159.26592240027986,320.0
146.6186308777602,300.0
163.62791309805078,320.0
155.68494435760613,300.0
206.30527917725837,400.0
157.41028485640527,300.0
151.00690719204493,300.0
142.52025483816246,282.3529411764706
150.97994068811616,300.0
180.95106045775108,342.85714285714283
177.98923266324172,342.85714285714283
141.72822588648143,282.3529411764706
137.2991784694128,266.6666666666667
165.32219688340598,320.0
207.1816025965583,400.0
194.00223787622915,369.2307692307692
168.75685785500747,320.0
189.63672676704527,369.2307692307692
166.8596463459897,320.0
167.35673153507645,320.0
166.1770458578355,320.0
131.4524399174664,252.6315789473684
193.8273416834369,369.2307692307692
133.68078449141706,266.6666666666667
173.1481507262557,342.85714285714283
146.812818852526,282.3529411764706
186.7384147600154,369.2307692307692
174.0691184493282,342.85714285714283
187.54387855426734,369.2307692307692
179.97154079480407,342.85714285714283
164.41673405975592,320.0
147.90836504530083,282.3529411764706
193.19101960355334,369.2307692307692
195.5866260069689,369.2307692307692
179.11190257687818,342.85714285714283
154.52539445045988,300.0
135.60862019823142,266.6666666666667
165.45191441585033,320.0
176.8330506987394,342.85714285714283
189.76310434415467,369.2307692307692
166.46536829263445,320.0
154.70421740288225,300.0
176.35151002764405,342.85714285714283
152.9443519544031,300.0
182.6799867125166,342.85714285714283
178.5206811294424,342.85714285714283
188.93647844046748,369.2307692307692
206.8824705369852,400.0
155.93097621179635,300.0
172.8798976808349,342.85714285714283
153.33933720358243,300.0
181.02065330723593,342.85714285714283
154.62146047640883,300.0
143.82160862297246,282.3529411764706
166.38334696875756,320.0
160.03643911786585,320.0
180.31563403414452,342.85714285714283
192.74246561761794,369.2307692307692
155.4373507460877,300.0
193.16920111272657,369.2307692307692
170.37737155046077,320.0
179.62756852568162,342.85714285714283
139.90014467104993,266.6666666666667
155.4966289785952,300.0
193.19802398831365,369.2307692307692
180.98920657403661,342.85714285714283
149.40541732242107,282.3529411764706
215.45464977134202,400.0
168.42278120361323,320.0
128.51510301462054,252.6315789473684
210.00506118781502,400.0
172.32119354854623,342.85714285714283
154.90986303990718,300.0
189.40912225367413,369.2307692307692
190.52088218935464,369.2307692307692
154.4167587184851,300.0
155.5410348775224,300.0
183.96196519669783,342.85714285714283
180.95008141599783,342.85714285714283
155.30169053414,300.0
179.52086917578126,342.85714285714283
178.96472523708212,342.85714285714283
167.48017799283605,320.0
178.13731458887068,342.85714285714283
147.22475221481304,282.3529411764706
197.09785425896388,369.2307692307692
169.26974060233337,320.0
167.30915999187903,320.0
156.59731098904814,300.0
169.3841441279261,320.0
168.41141599913914,320.0
169.06576667343563,320.0
142.20174752439297,282.3529411764706
180.93707110140664,342.85714285714283
164.99253283003267,320.0
175.11289853708135,342.85714285714283
163.96437428727185,320.0
163.24099633705075,320.0
147.85149663591054,282.3529411764706
157.04543953158725,300.0
143.17244605727328,282.3529411764706
152.12139969532797,300.0
166.02191164044015,320.0
181.91518273832622,342.85714285714283
197.087376334623,369.2307692307692
156.32777847064028,300.0
177.6784639361915,342.85714285714283
191.7531343150843,369.2307692307692
155.57988548730768,300.0
197.9375904346812,369.2307692307692
181.41790486367594,342.85714285714283
208.4855851905896,400.0
199.22049734309942,369.2307692307692
154.88370286655874,300.0
157.58055194885685,300.0
200.35512757084112,369.2307692307692
165.69218922999332,320.0
158.11064463901664,300.0
167.0158229088901,320.0
194.0130652257508,369.2307692307692
155.92986134760275,300.0
179.88060554213217,342.85714285714283
197.4336101738672,369.2307692307692
148.26463287548265,282.3529411764706
183.82370180932782,342.85714285714283
173.20485068903204,320.0
169.15096209172333,320.0
145.96469066113187,282.3529411764706
128.4230082145657,252.6315789473684
195.5300325276859,369.2307692307692
144.6279308328976,282.3529411764706
167.85074670878285,320.0
212.54525566518097,400.0
177.46052522408058,342.85714285714283
168.26240902371657,320.0
154.94363172719,300.0
128.31661739856835,252.6315789473684
210.36357309389882,400.0
165.07125069751433,320.0
155.1660747291134,300.0
177.67803264758365,342.85714285714283
216.57892688610903,400.0
191.87012629913716,369.2307692307692
175.75278949812338,342.85714285714283
176.58351890655317,342.85714285714283
193.20649950336565,369.2307692307692
195.26218478396748,369.2307692307692
174.7911997559526,342.85714285714283
181.77277964646856,342.85714285714283
155.32614598846703,300.0
166.82217757389833,320.0
195.59395178110424,369.2307692307692
178.68625928150394,342.85714285714283
181.65540592551795,342.85714285714283
167.7665876194295,320.0
179.37095331441742,342.85714285714283
180.06176023798017,342.85714285714283
184.79641317721848,342.85714285714283
168.27089533520814,320.0
181.78280078826924,342.85714285714283
193.40826316426515,369.2307692307692
137.2349206762236,266.6666666666667
165.23522584771183,320.0
139.24942845445506,266.6666666666667
123.03950636462007,240.0
179.79664678263595,342.85714285714283
181.0313005053471,342.85714285714283
136.0939970079579,266.6666666666667
182.6747653453056,342.85714285714283
207.1855836236056,400.0
129.2938021868383,252.6315789473684
197.26556206545652,369.2307692307692
174.08964282529266,342.85714285714283
168.69383201319835,320.0
192.39925696635453,369.2307692307692
156.6056000537742,300.0
153.26631152014022,300.0
154.6791253306273,300.0
145.65582660118724,282.3529411764706
155.45587079312457,300.0
208.75616199530393,400.0
197.3397897747594,369.2307692307692
147.28971344822827,282.3529411764706
210.88021627008575,400.0
155.59470880617152,300.0
164.8306802521329,320.0
116.33105641414697,228.57142857142858
153.79726261390118,300.0
154.46393942579948,300.0
166.80534284030145,320.0
157.45001577763833,300.0
193.82109311357155,369.2307692307692
178.6483321932722,342.85714285714283
194.0654171734641,369.2307692307692
171.2473287119437,320.0
169.01189287441176,320.0
178.85892381788156,342.85714285714283
193.5919073218618,369.2307692307692
166.76942618693744,320.0
163.2964302059437,320.0
164.7519657891441,320.0
166.9568954119767,320.0
146.58905403706885,282.3529411764706
173.9249447662266,342.85714285714283
168.324004543865,320.0
155.44365230707163,300.0
170.0417301490459,320.0
155.49081963985859,300.0
156.50328141963132,300.0
166.26244630698122,320.0
166.98493968828382,320.0
176.26334624689898,342.85714285714283
210.59626721705956,400.0
162.7544588621373,320.0
156.90669662459948,300.0
196.1436229132544,369.2307692307692
194.9234473860195,369.2307692307692
211.41686357323735,400.0
197.56583478558,369.2307692307692
168.72290315456854,320.0
179.60103982683185,342.85714285714283
147.40646867217993,282.3529411764706
193.4080249970523,369.2307692307692
216.45747201987845,400.0
165.34978559251712,320.0
194.06936515073792,369.2307692307692
192.4550569620246,369.2307692307692
179.34396131766425,342.85714285714283
167.2447245091043,320.0
188.54271344054015,369.2307692307692
152.34096245223878,300.0
192.0234243551409,369.2307692307692
168.62455784319704,320.0
178.96640976430712,342.85714285714283
194.68835919225603,369.2307692307692
143.86211496175713,282.3529411764706
179.1634212677437,342.85714285714283
214.03936863735692,400.0
181.8344361144948,342.85714285714283
135.5238265946649,266.6666666666667
167.93036538000186,320.0
129.69786869840505,252.6315789473684
184.14931339040785,342.85714285714283
154.15939594802364,300.0
179.5266280961195,342.85714285714283
185.78240331207638,342.85714285714283
213.2962986715428,400.0
170.17802325448898,320.0
181.26651090107111,342.85714285714283
192.63926923919672,369.2307692307692
169.0137477204408,320.0
155.83801925431464,300.0
170.77382612335353,320.0
194.10848535972247,369.2307692307692
182.69405619907698,342.85714285714283
170.6943823708126,320.0
184.32390329052956,342.85714285714283
170.68303190136638,320.0
197.52655254797503,369.2307692307692
201.94110935623888,369.2307692307692
141.18813724074766,266.6666666666667
184.3651476460004,342.85714285714283
212.0079353192975,400.0
191.5954608191894,369.2307692307692
196.60819890852702,369.2307692307692
182.49496697849062,342.85714285714283
193.04889357855888,369.2307692307692
181.67425454752285,342.85714285714283
136.763382289627,266.6666666666667
182.3547430295614,342.85714285714283
195.63656670399814,369.2307692307692
172.03861267402488,320.0
148.48939106908324,282.3529411764706
182.97062959885375,342.85714285714283
209.31266982243437,400.0
199.01245877372182,369.2307692307692
147.49502132146984,282.3529411764706
194.97872792941376,369.2307692307692
180.16056915693756,342.85714285714283
167.87831913737475,320.0
217.23345933986354,400.0
177.94735040397316,342.85714285714283
183.44671248847973,342.85714285714283
192.2389743835002,369.2307692307692
178.3651559514059,342.85714285714283
193.0463259482278,369.2307692307692
181.77134651604803,342.85714285714283
195.22803967295022,369.2307692307692
159.83729248966628,300.0
169.86512786435065,320.0
196.00555457093216,369.2307692307692
154.51565304719983,300.0
164.3540432967539,320.0
212.53882634213448,400.0
178.36113224714012,342.85714285714283
210.32800092761144,400.0
192.94914996428537,369.2307692307692
181.22655971038918,342.85714285714283
208.02644786191397,400.0
168.23831478406245,320.0
196.64069408598505,369.2307692307692
182.272883071959,342.85714285714283
147.19524726975843,282.3529411764706
169.37017357565142,320.0
156.31306356480343,300.0
164.27959915984053,320.0
156.65774304093046,300.0
182.9698160830699,342.85714285714283
179.96779082769484,342.85714285714283
216.95006962128716,400.0
170.4178550080001,320.0
197.98883747325468,369.2307692307692
155.39964302265736,300.0
195.0473996692581,369.2307692307692
181.93520589752976,342.85714285714283
215.74514832009447,400.0
197.0721676091263,369.2307692307692
157.39397394783373,300.0
186.51867878152052,342.85714285714283
182.22596642638183,342.85714285714283
184.2822794343406,342.85714285714283
157.6983890075353,300.0
169.72837566503625,320.0
165.92135436267287,320.0
168.55705636782594,320.0
160.55686082365702,300.0
197.5006962617288,369.2307692307692
216.71698101352925,400.0
197.57771382530356,369.2307692307692
180.1311483575765,342.85714285714283
199.44920935868302,369.2307692307692
200.28798042570122,369.2307692307692
186.13138510156676,342.85714285714283
196.8796038080127,369.2307692307692
179.4241990529433,342.85714285714283
162.46935769157508,320.0
155.8247280737213,300.0
183.90053738845543,342.85714285714283
212.26197549475293,400.0
193.1837555197474,369.2307692307692
209.1465311334122,400.0
190.98887093300593,369.2307692307692
176.37649787132278,342.85714285714283
209.69846079332834,400.0
183.52625244468666,342.85714285714283
156.23273712680216,300.0
196.8457413014653,369.2307692307692
159.9327442608825,300.0
196.91974280944376,369.2307692307692
193.51634305981392,369.2307692307692
211.48799058904524,400.0
196.08577083054678,369.2307692307692
179.54521242696487,342.85714285714283
178.2530676597582,342.85714285714283
188.0492836607469,342.85714285714283
170.15829346294274,320.0
219.57932610676812,400.0
171.10109878804374,320.0
196.2779859053446,369.2307692307692
218.27432210471338,400.0
211.1538481755356,400.0
178.19250343944614,342.85714285714283
184.24434548390286,342.85714285714283
220.17267469180987,400.0
183.39784576858844,342.85714285714283
171.98385829134378,320.0
178.26544458190094,342.85714285714283
186.07211613885505,342.85714285714283
149.18104691762798,282.3529411764706
198.9876514382077,369.2307692307692
212.045791040911,400.0
212.20603366633122,400.0
210.4147567081064,400.0
201.5221017573526,369.2307692307692
169.07327861856353,320.0
167.8618273027591,320.0
195.98849734698416,369.2307692307692
181.80818427253985,342.85714285714283
181.06479440881225,342.85714285714283
182.18062850821838,342.85714285714283
157.8868593359988,300.0
160.77578796925945,300.0
195.2143598774719,369.2307692307692
196.12064238039164,369.2307692307692
216.3016027751183,400.0
218.524946744221,400.0
214.707998437964,400.0
218.69507817434942,400.0
173.00494508748994,320.0
145.75189469059185,282.3529411764706
171.46558254531385,320.0
180.39760900461096,342.85714285714283
173.96591819175583,320.0
221.40360932558704,400.0
159.6447106565093,300.0
213.9542946029519,400.0
160.48262061919706,300.0
198.18869296229897,369.2307692307692
166.83400098257127,320.0
197.58641152717425,369.2307692307692
215.40900798257215,400.0
184.7541943408468,342.85714285714283
179.15652070244914,342.85714285714283
194.33051100601313,369.2307692307692
194.38433832450508,369.2307692307692
216.48209115910757,400.0
195.74017994892026,369.2307692307692
219.16308147992353,400.0
200.11649165781824,369.2307692307692
183.31179416497844,342.85714285714283
165.16676337723646,320.0
184.59960891833688,342.85714285714283
164.41957212269642,320.0
181.37670016278727,342.85714285714283
185.66428248561948,342.85714285714283
185.34365190471064,342.85714285714283
180.25035928327202,342.85714285714283
197.53006882936344,369.2307692307692
186.7433771906166,342.85714285714283
160.32829571455562,300.0
198.62513697881647,369.2307692307692
171.31604707763802,320.0
160.85615911506272,300.0
192.81279481473877,369.2307692307692
183.7039247480181,342.85714285714283
193.3813432612445,369.2307692307692
214.5549941945027,400.0
178.45803650969464,342.85714285714283
217.26209845614702,400.0
213.86036054761644,400.0
216.55832537575535,400.0
187.61219298667638,342.85714285714283
211.9574557729745,400.0
199.22129435505443,369.2307692307692
197.1443913889099,369.2307692307692
184.2613418013343,342.85714285714283
185.430611926365,342.85714285714283
170.791257516659,320.0
199.58044991711856,369.2307692307692
175.34779330510224,320.0
169.41175684422902,320.0
197.76402526362733,369.2307692307692
199.16283717715552,369.2307692307692
201.97053596987195,369.2307692307692
172.86716396395073,320.0
182.56003837503889,342.85714285714283
195.29737748026977,369.2307692307692
181.18887023887194,342.85714285714283
194.71010569523833,369.2307692307692
200.67213791719934,369.2307692307692
220.93304686074234,400.0
219.65823865393205,400.0
187.1410750997526,342.85714285714283
172.07898458235368,320.0
169.06590295343494,320.0
217.87262978190395,400.0
200.7993738929372,369.2307692307692
157.37728616044882,300.0
197.217229957638,369.2307692307692
149.94126601305368,282.3529411764706
186.34157478409347,342.85714285714283
172.36620258477333,320.0
184.81054325164976,342.85714285714283
173.57446783141532,320.0
216.14783975372146,400.0
163.10163942505557,300.0
139.84056726189223,266.6666666666667
139.23935963303262,266.6666666666667
167.65084958208936,320.0
198.05988186621315,369.2307692307692
186.2868904175871,342.85714285714283
186.38136381781644,342.85714285714283
179.77338492335267,342.85714285714283
149.4701049636128,282.3529411764706
145.1436151412692,282.3529411764706
198.21581121896418,369.2307692307692
194.6391353717296,369.2307692307692
172.42063662485498,320.0
183.0784490250623,342.85714285714283
173.60832887025893,320.0
149.4004438510758,282.3529411764706
178.9419727151255,342.85714285714283
201.23221350500597,369.2307692307692
198.2379706563436,369.2307692307692
197.34457585245548,369.2307692307692
172.15473406453745,320.0
203.45297915788495,369.2307692307692
198.30818076113326,369.2307692307692
174.15055617615445,320.0
197.91572950583293,369.2307692307692
217.33463364431645,400.0
220.77501998726424,400.0
220.63127563268822,400.0
212.17035363613766,400.0
158.76816403470337,300.0
219.40470287635003,400.0
184.41069991075227,342.85714285714283
172.45973522213373,320.0
179.1097318490843,342.85714285714283
167.22119834361266,320.0
191.63379847096195,369.2307692307692
200.12410452399155,369.2307692307692
210.64449209848604,400.0
195.91592228242064,369.2307692307692
198.30174449125872,369.2307692307692
185.4836289088534,342.85714285714283
171.29246543276315,320.0
168.79267102880328,320.0
161.4900612914942,300.0
170.08165108434014,320.0
209.5595849995159,400.0
216.7142875007406,400.0
201.2045552311439,369.2307692307692
195.69129106974876,369.2307692307692
201.91765063826722,369.2307692307692
184.6155889483295,342.85714285714283
157.5835233081998,300.0
171.69177048952906,320.0
157.2075232361246,300.0
183.45537901829377,342.85714285714283
167.01611866385073,320.0
200.8869537505334,369.2307692307692
181.21593010781245,342.85714285714283
199.216002207805,369.2307692307692
185.07835544801972,342.85714285714283
204.42384955897936,369.2307692307692
199.2380102579368,369.2307692307692
186.11754568571425,342.85714285714283
201.28628990197106,369.2307692307692
158.86944757351682,300.0
201.58912834605513,369.2307692307692
212.21973187313583,400.0
216.3258119285382,400.0
186.08083069217886,342.85714285714283
199.02567648893125,369.2307692307692
217.40082725050243,400.0
219.75923320051345,400.0
166.8488852144074,320.0
219.47349164225986,400.0
179.6381607566628,342.85714285714283
172.72097142331958,320.0
215.26798697725903,400.0
200.64638741682057,369.2307692307692
197.08833841065172,369.2307692307692
200.142404834282,369.2307692307692
199.29425448717964,369.2307692307692
183.80572986998058,342.85714285714283
201.86554394411633,369.2307692307692
216.25550458893892,400.0
219.83641806320293,400.0
173.01039233173105,320.0
214.7514699297714,400.0
219.17640495527056,400.0
201.554752911518,369.2307692307692
170.03157460265828,320.0
222.4323134335658,400.0
216.39667282415994,400.0
217.52708667704323,400.0
172.36824570692482,320.0
171.89496349249947,320.0
183.90266632430328,342.85714285714283
201.5569369470861,369.2307692307692
182.12201728637274,342.85714285714283
183.67882220766634,342.85714285714283
200.59628411293608,369.2307692307692
218.17088326439352,400.0
157.95352840247074,300.0
216.79602937651123,400.0
151.12232412888963,282.3529411764706
182.65637512019072,342.85714285714283
172.46017757599506,320.0
198.04405104782185,369.2307692307692
198.22518515910858,369.2307692307692
220.76634831598975,400.0
202.09434004893012,369.2307692307692
184.57592415068802,342.85714285714283
195.56886720836036,369.2307692307692
185.2468879865326,342.85714285714283
203.61786430517458,369.2307692307692
217.51634799770895,400.0
214.1645203734207,400.0
169.37160996633023,320.0
184.75403903992523,342.85714285714283
217.703205964321,400.0
198.66033069107337,369.2307692307692
188.95219140282205,342.85714285714283
187.02927348096986,342.85714285714283
214.82999459826132,400.0
160.46166779351165,300.0
216.02164003493246,400.0
196.26348993761937,369.2307692307692
216.251228136462,400.0
180.8399589818054,342.85714285714283
172.86784912712284,320.0
168.83934035460854,320.0
197.55594380409033,369.2307692307692
221.77502866890143,400.0
196.23526331419419,369.2307692307692
151.38223143806164,282.3529411764706
159.7426711694904,300.0
183.67901434943954,342.85714285714283
185.9933611435857,342.85714285714283
204.76301859435304,369.2307692307692
156.16310535106442,300.0
201.38812263929506,369.2307692307692
171.47645197159065,320.0
214.37257194337465,400.0
199.39068617832908,369.2307692307692
220.0691218311898,400.0
200.75947485394298,369.2307692307692
187.43984375769807,342.85714285714283
199.66965043714788,369.2307692307692
189.3653758630939,342.85714285714283
186.98772049033622,342.85714285714283
180.40786628895265,342.85714285714283
186.35911915417867,342.85714285714283
182.23198501755138,342.85714285714283
183.5136101594076,342.85714285714283
186.31864810691812,342.85714285714283
139.43481066265008,266.6666666666667
205.64624223092136,369.2307692307692
174.1604131975043,320.0
220.34126893863376,400.0
183.1852430293749,342.85714285714283
201.5558081188707,369.2307692307692
203.2026769994632,369.2307692307692
161.57550921764437,300.0
183.66021310890102,342.85714285714283
170.78861742480038,320.0
217.35895783141314,400.0
173.6314624173753,320.0
200.90161937843615,369.2307692307692
220.47177439548895,400.0
204.90525561496227,369.2307692307692
176.15195127764474,320.0
218.53966007493713,400.0
176.00177284975558,320.0
221.40452992585017,400.0
187.53945526784713,342.85714285714283
167.21068201137592,320.0
201.41275648646382,369.2307692307692
174.09732758142036,320.0
169.37030547964,320.0
199.14307880267054,369.2307692307692
187.84959716796365,342.85714285714283
214.00811182410007,400.0
214.41806450824652,400.0
202.21941380493823,369.2307692307692
220.01494396922158,400.0
199.14798253258624,369.2307692307692
194.48941147616546,369.2307692307692
160.00681360183847,300.0
168.87424967190245,320.0
184.5750682904025,342.85714285714283
219.4503415541625,400.0
182.61324044456225,342.85714285714283
192.8957410905999,369.2307692307692
185.41410508044547,342.85714285714283
216.3701516701694,400.0
182.80700918887297,342.85714285714283
169.11163220575256,320.0
183.0614220344904,342.85714285714283
157.96657228835159,300.0
198.10975573523393,369.2307692307692
214.94485975022977,400.0
184.70057355433173,342.85714285714283
185.94696421178546,342.85714285714283
174.69292670490947,320.0
184.19723386908808,342.85714285714283
172.54443564742263,320.0
220.90577935267166,400.0
219.11496627769796,400.0
185.49789618210647,342.85714285714283
218.279576272609,400.0
185.1576947338818,342.85714285714283
154.76389614024234,300.0
182.06542878038414,342.85714285714283
172.30843850421087,320.0
159.35543032129453,300.0
200.16434566977108,369.2307692307692
172.7026124116894,320.0
168.69872755636595,320.0
159.63862770787662,300.0
199.02841644016505,369.2307692307692
219.9165692917661,400.0
185.2205739252552,342.85714285714283
206.6091084649332,369.2307692307692
199.71051391846004,369.2307692307692
204.11230376650408,369.2307692307692
223.83313898622308,400.0
185.59978755002493,342.85714285714283
221.17723734940242,400.0
197.83106786777319,369.2307692307692
187.82031754495094,342.85714285714283
202.23153061244008,369.2307692307692
180.74262316524752,342.85714285714283
221.20314426283971,400.0
198.26356350949223,369.2307692307692
189.1234592887518,342.85714285714283
162.1240846030235,300.0
184.93217513345581,342.85714285714283
186.99293584158195,342.85714285714283
188.65801021615226,342.85714285714283
173.16282979835083,320.0
200.22727502017554,369.2307692307692
162.47991268080509,300.0
186.07396242384516,342.85714285714283
172.2477172948994,320.0
185.7574533583952,342.85714285714283
203.5833086579097,369.2307692307692
172.18845474704133,320.0
217.8163268562843,400.0
218.28307164710168,400.0
199.6105962498283,369.2307692307692
184.1127886627472,342.85714285714283
175.00879978585735,320.0
222.8113339413662,400.0
220.48164630901667,400.0
188.2496661154277,342.85714285714283
204.16410993507753,369.2307692307692
203.72121109418165,369.2307692307692
205.43259618336563,369.2307692307692
219.4403986236017,400.0
209.3601338452528,369.2307692307692
176.0017104235945,320.0
172.83368753840162,320.0
187.94693858258051,342.85714285714283
187.27169917417433,342.85714285714283
204.48518567192838,369.2307692307692
202.90573622308446,369.2307692307692
202.3463334723745,369.2307692307692
200.975285747534,369.2307692307692
163.79096840339702,300.0
202.72292040738282,369.2307692307692
200.63604761268184,369.2307692307692
204.05821262401307,369.2307692307692
174.49994517497555,320.0
205.88165715869687,369.2307692307692
146.73823350892212,282.3529411764706
154.30207139527698,282.3529411764706
186.10213131071438,342.85714285714283
188.64394464185293,342.85714285714283
220.18593848204935,400.0
187.71993530309757,342.85714285714283
202.61457082975704,369.2307692307692
201.38488986256945,369.2307692307692
183.8015706619046,342.85714285714283
183.1446648290555,342.85714285714283
220.50722081410711,400.0
202.3681156243465,369.2307692307692
205.38545775464516,369.2307692307692
203.9555502253418,369.2307692307692
223.897926904074,400.0
188.9243109042073,342.85714285714283
200.09343161812174,369.2307692307692
171.21531646015987,320.0
200.7364652335013,369.2307692307692
207.21357888861647,369.2307692307692
162.10408702719337,300.0
175.35974365181585,320.0
189.2998390362495,342.85714285714283
225.0655481292259,400.0
205.84346742207484,369.2307692307692
189.13322773493408,342.85714285714283
190.41274808382477,342.85714285714283
225.02636307516659,400.0
208.0219615613021,369.2307692307692
144.82244355721392,266.6666666666667
174.576524542805,320.0
186.66412954329903,342.85714285714283
140.36645534744295,266.6666666666667
173.71037085907753,320.0
184.5464059028358,342.85714285714283
186.62867847841866,342.85714285714283
172.69497505053508,320.0
175.40668182854597,320.0
197.69482152084117,369.2307692307692
174.02658820695225,320.0
197.30915672522622,369.2307692307692
185.3167864683031,342.85714285714283
170.713088758771,320.0
203.3209778675169,369.2307692307692
206.8356906103298,369.2307692307692
216.19765353006653,400.0
202.00017196303676,369.2307692307692
188.26402575094713,342.85714285714283
202.74227618402426,369.2307692307692
222.6343715670704,400.0
226.8446045976732,400.0
222.75176013406633,400.0
206.40256093619922,369.2307692307692
200.20030428704425,369.2307692307692
186.53454514728,342.85714285714283
200.08221072964548,369.2307692307692
172.94342645733687,320.0
182.91762615628463,342.85714285714283
187.81248485722602,342.85714285714283
186.69506136638753,342.85714285714283
200.47495698606028,369.2307692307692
160.2164776165548,300.0
221.21745704944374,400.0
201.67331167028743,369.2307692307692
199.97264590580187,369.2307692307692
173.68320158156564,320.0
220.0349768356641,400.0
188.80198041771783,342.85714285714283
186.14399034908647,342.85714285714283
202.88913509194649,369.2307692307692
188.9703989894509,342.85714285714283
204.31387179008792,369.2307692307692
176.8252566445549,320.0
184.05858676352048,342.85714285714283
163.2617062645612,300.0
172.46458923487907,320.0
195.04250557806066,369.2307692307692
187.6665998904702,342.85714285714283
177.46650968207214,320.0
163.69869071548374,300.0
202.94138473621936,369.2307692307692
201.09896541537753,369.2307692307692
168.18635044289908,300.0
216.69124713873376,400.0
154.63798616462773,282.3529411764706
187.66219475001904,342.85714285714283
187.6328175187884,342.85714285714283
171.93995473425852,320.0
222.5451944690202,400.0
164.75916142538372,300.0
221.57458621731837,400.0
201.89851469249953,369.2307692307692
163.34785281480688,300.0
162.24883440878668,300.0
162.88125578586497,300.0
221.59733015876884,400.0
189.71134216771776,342.85714285714283
205.93306596185695,369.2307692307692
218.01437153584357,400.0
187.5121660481157,342.85714285714283
222.74182462680542,400.0
218.0743302379423,400.0
186.13485596894688,342.85714285714283
173.83434664570552,320.0
175.026542922218,320.0
153.17385437260648,282.3529411764706
173.773964109734,320.0
172.49367473313683,320.0
188.95030722040875,342.85714285714283
202.93739036542982,369.2307692307692
199.16960126256038,369.2307692307692
217.32242999254004,400.0
187.7668626572757,342.85714285714283
171.25765875716004,320.0
185.017890805424,342.85714285714283
202.99427529416272,369.2307692307692
171.76103877773258,320.0
186.66616860513795,342.85714285714283
177.65263547105178,320.0
163.47061302833703,300.0
172.12330419547075,320.0
186.44639351140387,342.85714285714283
143.37134093686907,266.6666666666667
199.04806296756877,369.2307692307692
173.74006459815638,320.0
159.416805591755,300.0
181.42346811483148,342.85714285714283
202.15170550851025,369.2307692307692
203.58216461164434,369.2307692307692
183.01181154865347,342.85714285714283
202.16703161909268,369.2307692307692
202.6600922894983,369.2307692307692
181.83721212737558,342.85714285714283
184.51908605021436,342.85714285714283
173.06918110824742,320.0
182.0245430858392,342.85714285714283
174.5808054345428,320.0
201.67924591643683,369.2307692307692
189.3002949025118,342.85714285714283
173.60309406696268,320.0
186.09502873351093,342.85714285714283
204.1714518467136,369.2307692307692
152.29761727468818,282.3529411764706
187.21187060071995,342.85714285714283
171.05656650553928,320.0
197.57116601169193,369.2307692307692
174.47848606963944,320.0
202.7026310571085,369.2307692307692
201.41128099453832,369.2307692307692
206.13652773621152,369.2307692307692
204.055588474822,369.2307692307692
164.79739260426712,300.0
222.34761597165047,400.0
201.06668471461384,369.2307692307692
186.07503078746421,342.85714285714283
218.24569573937023,400.0
185.69845277822535,342.85714285714283
218.08272439550015,400.0
171.1926710412704,320.0
193.814732972233,369.2307692307692
222.62370247882333,400.0
182.91176856600677,342.85714285714283
199.09283848184666,369.2307692307692
219.94351735335815,400.0
220.38703306377485,400.0
171.36803887964317,320.0
222.88578018759895,400.0
203.12219338238836,369.2307692307692
202.36128024498623,369.2307692307692
174.12431392725387,320.0
223.0155150124323,400.0
173.33768862813187,320.0
206.63317287769138,369.2307692307692
220.90306845047164,400.0
219.25094351388915,400.0
221.31594001911176,400.0
204.80067223707914,369.2307692307692
176.50619865871377,320.0
185.61414649426212,342.85714285714283
185.7960685203929,342.85714285714283
184.52253227352955,342.85714285714283
224.2339788963743,400.0
204.29867328984608,369.2307692307692
189.338457232347,342.85714285714283
224.51177937683474,400.0
205.63915290516036,369.2307692307692
203.83839541140813,369.2307692307692
218.93297228694632,400.0
191.9212584064106,342.85714285714283
170.76999276423967,320.0
186.5744025169702,342.85714285714283
163.23364964355358,300.0
178.27333219458447,320.0
173.39237309844265,320.0
153.9487530486964,282.3529411764706
186.68779917531108,342.85714285714283
186.36069217366963,342.85714285714283
186.45504785853566,342.85714285714283
205.68482732417422,369.2307692307692
202.40540647687146,369.2307692307692
188.70711661890965,342.85714285714283
183.3781983231526,342.85714285714283
217.15469104222174,400.0
202.7726347014592,369.2307692307692
205.8326771494612,369.2307692307692
163.69526375161982,300.0
201.65967034461613,369.2307692307692
188.05251751505827,342.85714285714283
200.96104866476696,369.2307692307692
173.85656915952077,320.0
186.90459647922293,342.85714285714283
199.34616936623019,369.2307692307692
188.37763832947732,342.85714285714283
206.17028705951822,369.2307692307692
223.38939839231134,400.0
189.8730196993042,342.85714285714283
204.56242281055776,369.2307692307692
220.84818176600174,400.0
220.3539780713078,400.0
204.6414837301593,369.2307692307692
174.4505851543523,320.0
205.03661325381364,369.2307692307692
176.0681013272653,320.0
203.57582433798382,369.2307692307692
175.78060558751494,320.0
202.52225796024806,369.2307692307692
225.3996850962087,400.0
204.62950942925283,369.2307692307692
192.26365482514234,342.85714285714283
188.29218878543557,342.85714285714283
164.64139319466776,300.0
205.14259048215652,369.2307692307692
206.67920753205323,369.2307692307692
219.63214195174461,400.0
222.05680758869244,400.0
190.36823514188362,342.85714285714283
193.65365217080833,342.85714285714283
206.58740661352132,369.2307692307692
187.13964341032806,342.85714285714283
161.59138985418508,300.0
222.29390533515846,400.0
223.0789135440128,400.0
203.15333347813734,369.2307692307692
222.72126023196063,400.0
205.636735429908,369.2307692307692
203.09845115851763,369.2307692307692
203.484155867855,369.2307692307692
187.7735307263984,342.85714285714283
208.72167301765393,369.2307692307692
202.11110897377645,369.2307692307692
192.3880502584116,342.85714285714283
204.4692270250227,369.2307692307692
203.3748239484156,369.2307692307692
175.97533425943337,320.0
222.16486836275797,400.0
203.20015848634088,369.2307692307692
190.24619620368327,342.85714285714283
207.2145321400042,369.2307692307692
190.17540525801843,342.85714285714283
190.14086684069434,342.85714285714283
186.28090492048685,342.85714285714283
220.30806299995592,400.0
185.57588490063586,342.85714285714283
205.2188096593391,369.2307692307692
202.56206769491035,369.2307692307692
203.20291641297416,369.2307692307692
190.46153843363842,342.85714285714283
190.72700972139873,342.85714285714283
175.24994016493935,320.0
208.08113234362702,369.2307692307692
175.87561413387616,320.0
223.2161168139135,400.0
163.60208816644547,300.0
192.8911979034742,342.85714285714283
165.65494024616285,300.0
176.17286701120477,320.0
204.32719731684966,369.2307692307692
206.19993408199662,369.2307692307692
203.21882761921327,369.2307692307692
171.7780435050754,320.0
202.22246245774937,369.2307692307692
153.60285162962944,282.3529411764706
190.2727467109137,342.85714285714283
206.8411625004222,369.2307692307692
205.22760522156736,369.2307692307692
221.1050767547474,400.0
186.4595366421738,342.85714285714283
174.7199140987855,320.0
206.53238011270327,369.2307692307692
221.48822227186156,400.0
205.98909938790896,369.2307692307692
205.81791806260475,369.2307692307692
162.98099931250115,300.0
206.0614891353675,369.2307692307692
144.3293215013935,266.6666666666667
190.7738383212234,342.85714285714283
164.14065838494145,300.0
220.69426429016676,400.0
172.6728535205461,320.0
157.5721347462062,300.0
223.33313238600704,400.0
204.02737881757366,369.2307692307692
199.86233403720072,369.2307692307692
176.43570172428272,320.0
187.9880878927481,342.85714285714283
204.13847257463024,369.2307692307692
173.68194999701055,320.0
223.90046319696157,400.0
203.46417056863086,369.2307692307692
201.23833093684536,369.2307692307692
203.26151572595387,369.2307692307692
216.99593249655098,400.0
175.38887530009214,320.0
203.88396978952852,369.2307692307692
224.26940655483838,400.0
224.47077697927466,400.0
175.03249825132525,320.0
164.8882470662632,300.0
188.5676279335391,342.85714285714283
167.5654729665178,300.0
174.95682689562446,320.0
189.5134174211409,342.85714285714283
192.27861327925734,342.85714285714283
191.04998610150423,342.85714285714283
175.43748545860325,320.0
221.18297146320683,400.0
186.02144444707542,342.85714285714283
150.72907662361806,282.3529411764706
189.79557414999653,342.85714285714283
174.13759624528262,320.0
222.7792100404101,400.0
204.68332382123347,369.2307692307692
187.924001414059,342.85714285714283
225.7912353352157,400.0
170.83684568392349,320.0
218.91947120873542,400.0
164.48121628755462,300.0
204.94146979514804,369.2307692307692
204.4629450448029,369.2307692307692
144.57817912884764,266.6666666666667
221.43708567410806,400.0
187.8784630077982,342.85714285714283
154.60561459531908,282.3529411764706
161.33512881063817,300.0
143.90793739012918,266.6666666666667
224.29987400964924,400.0
176.11175927419316,320.0
204.98678811990962,369.2307692307692
140.5614734993156,266.6666666666667
201.19144463148373,369.2307692307692
205.21321170914857,369.2307692307692
222.9727799433907,400.0
164.51075177491293,300.0
189.08463639907413,342.85714285714283
187.78465276511164,342.85714285714283
188.1214968922536,342.85714285714283
202.37831939009703,369.2307692307692
200.85700301232492,369.2307692307692
205.3839673316174,369.2307692307692
220.886161065102,400.0
177.1915231804296,320.0
151.17210899457316,282.3529411764706
201.21442017434217,369.2307692307692
143.70920783703534,266.6666666666667
151.68726325048215,282.3529411764706
186.2892399593578,342.85714285714283
173.89691368124514,320.0
177.59298859076623,320.0
189.83314673652208,342.85714285714283
205.34882828066995,369.2307692307692
217.88341086604035,400.0
186.48166135488302,342.85714285714283
162.54402805294262,300.0
173.67074940259118,320.0
184.14031650028053,342.85714285714283
199.26676339421425,369.2307692307692
202.23699732588886,369.2307692307692
222.56747448592475,400.0
143.29356326319055,266.6666666666667
156.30042584525256,282.3529411764706
204.10569603843365,369.2307692307692
161.52077567226664,300.0
190.13203151416477,342.85714285714283
201.84607872319717,369.2307692307692
205.38972196265604,369.2307692307692
223.05552341457567,400.0
176.68017665445913,320.0
221.81048235682533,400.0
226.21173234007622,400.0
175.902091031318,320.0
175.76780324474046,320.0
206.01836978476814,369.2307692307692
175.0269091203542,320.0
154.08595393828654,282.3529411764706
163.67803365274267,300.0
174.76553607514882,320.0
190.8289064655361,342.85714285714283
189.07045316433894,342.85714285714283
224.90464416663073,400.0
153.90409237880428,282.3529411764706
207.18000469269828,369.2307692307692
202.727525782298,369.2307692307692
205.4526342850982,369.2307692307692
189.45888155430512,342.85714285714283
224.05100685162688,400.0
203.73000771780178,369.2307692307692
191.64940199233635,342.85714285714283
189.5107346681627,342.85714285714283
202.7318860767741,369.2307692307692
208.97294009987738,369.2307692307692
187.502749408141,342.85714285714283
206.87618664569328,369.2307692307692
205.51342520552822,369.2307692307692
190.4001200398416,342.85714285714283
205.73480685615152,369.2307692307692
205.95737119352043,369.2307692307692
192.53260942468066,342.85714285714283
202.37464274413065,369.2307692307692
228.0279651859329,400.0
219.79778827874097,400.0
189.7480298621222,342.85714285714283
191.94795979527996,342.85714285714283
186.26807782980242,342.85714285714283
225.44060755989895,400.0
220.08333181446014,400.0
201.81621083867464,369.2307692307692
206.6241801072072,369.2307692307692
188.58294513896746,342.85714285714283
192.14603558579583,342.85714285714283
155.2185179574694,282.3529411764706
206.9318117921525,369.2307692307692
200.99906468084416,369.2307692307692
190.65133639919995,342.85714285714283
201.2239037173886,369.2307692307692
186.74919442346246,342.85714285714283
188.3565103009478,342.85714285714283
188.8445196729901,342.85714285714283
189.4582895629137,342.85714285714283
207.28428550990705,369.2307692307692
206.29850010615968,369.2307692307692
204.93379026539344,369.2307692307692
173.80920636983603,320.0
157.852870875257,300.0
191.51782939269793,342.85714285714283
188.7089455101876,342.85714285714283
174.08321241348128,320.0
152.73014229724566,282.3529411764706
187.51917075178264,342.85714285714283
217.3405645696157,400.0
205.41426768792815,369.2307692307692
220.46153106738223,400.0
201.03571720326752,369.2307692307692
205.41149704041,369.2307692307692
222.3622829904106,400.0
224.6181218961791,400.0
222.86066852633869,400.0
190.89788933164257,342.85714285714283
152.04153131914245,282.3529411764706
203.8752553245007,369.2307692307692
189.08527175277735,342.85714285714283
178.89596465097506,320.0
203.35572834115672,369.2307692307692
191.24496094872197,342.85714285714283
223.39265337135407,400.0
206.53728239630007,369.2307692307692
222.92513831509487,400.0
206.2827167997318,369.2307692307692
176.0861376634407,320.0
206.01484477767238,369.2307692307692
208.67277933602247,369.2307692307692
211.55438839226085,369.2307692307692
189.065265327697,342.85714285714283
210.8738992705991,369.2307692307692
221.44588797733888,400.0
190.09430342940942,342.85714285714283
172.99256546035596,320.0
223.6815176638742,400.0
208.69948004794352,369.2307692307692
188.8160263300956,342.85714285714283
190.34707725382572,342.85714285714283
219.06738433416027,400.0
208.00338507882134,369.2307692307692
202.22522847668859,369.2307692307692
178.34334464949407,320.0
221.32928716467995,400.0
221.45508863341306,400.0
193.1505571223272,342.85714285714283
225.23159183382276,400.0
206.21137932345076,369.2307692307692
224.38194372619407,400.0
204.04200822290568,369.2307692307692
192.36865287204378,342.85714285714283
188.72329920704018,342.85714285714283
200.82694804385454,369.2307692307692
210.50163138020224,369.2307692307692
206.57012900679516,369.2307692307692
205.9391645977388,369.2307692307692
188.9053511650578,342.85714285714283
186.29811388988452,342.85714285714283
222.55640486104224,400.0
206.00654300166735,369.2307692307692
190.85462280323682,342.85714285714283
186.91427304608752,342.85714285714283
162.60519634086856,300.0
223.24954056794286,400.0
176.14957444981607,320.0
202.6703698873995,369.2307692307692
203.04258752467524,369.2307692307692
223.59044744942068,400.0
227.95225615004685,400.0
207.28671393557096,369.2307692307692
207.58375270685522,369.2307692307692
227.9772306194058,400.0
203.9289695938103,369.2307692307692
190.99754568312568,342.85714285714283
225.68971934622087,400.0
207.87603326492055,369.2307692307692
227.0085163996474,400.0
228.55885613080542,400.0
192.78635560978958,342.85714285714283
165.49311781871086,300.0
192.97391359179045,342.85714285714283
168.14506419081818,300.0
192.75089448750185,342.85714285714283
180.83928132800597,320.0
156.05614855689117,282.3529411764706
168.14127065339162,300.0
176.0397121595196,320.0
206.2293304253725,369.2307692307692
181.66876252858128,320.0
205.5142732217963,369.2307692307692
209.34767189208358,369.2307692307692
223.40221539713113,400.0
191.64305902826754,342.85714285714283
225.25317189742256,400.0
