ep_returns,ep_lens
-24.307381952240192,49.48453608247423
-23.661337733973983,48.484848484848484
-24.04960432087961,48.97959183673469
-23.296928702554904,47.524752475247524
-22.900095439329068,47.05882352941177
-22.1847911634072,46.601941747572816
-22.740857052436287,48.484848484848484
-21.734318490365297,46.601941747572816
-22.045432135861994,48.0
-21.31903003542303,47.05882352941177
-20.574658992777117,47.05882352941177
-21.050060364428894,47.524752475247524
-20.294640647966375,47.05882352941177
-19.840566893262196,47.05882352941177
-19.961575178766953,47.05882352941177
-19.104105365214004,46.15384615384615
-18.066014583116665,44.85981308411215
-19.124606007553584,47.05882352941177
-18.03008437164019,45.283018867924525
-17.979047942018564,44.85981308411215
-17.52247761351308,44.44444444444444
-17.411227429309537,45.283018867924525
-17.37861522545349,44.44444444444444
-17.02690208718479,44.03669724770642
-17.12227025134766,44.85981308411215
-16.227652314329646,44.03669724770642
-15.926306316624343,42.857142857142854
-15.592427093632422,43.24324324324324
-15.21768877812732,41.37931034482759
-15.248914275063301,42.47787610619469
-14.827683554238122,42.10526315789474
-14.48090321819494,41.37931034482759
-14.451301947960392,42.10526315789474
-14.305488906714897,41.37931034482759
-13.793377007796355,40.0
-13.706393983606217,40.67796610169491
-13.849894516721989,41.02564102564103
-13.146121129578056,40.33613445378151
-13.292562761348622,40.33613445378151
-12.884615383672267,39.66942148760331
-12.703151062126429,39.02439024390244
-12.660263243737448,39.02439024390244
-11.992018288980573,37.5
-11.911332650193456,37.79527559055118
-11.987968894817332,37.2093023255814
-11.477784133831392,36.36363636363637
-11.255248972538368,36.6412213740458
-11.227938916054415,36.92307692307692
-11.067340694033776,35.82089552238806
-10.964249924103278,35.82089552238806
-10.516378477288217,35.55555555555556
-10.892423798655205,36.090225563909776
-10.296436481235789,35.03649635036496
-10.573311699971432,35.55555555555556
-9.9242527725561,34.285714285714285
-9.870496126518159,34.04255319148936
-9.963567228756153,34.285714285714285
-9.3930156322766,33.56643356643357
-9.353069584123741,33.333333333333336
-9.333428237149171,33.333333333333336
-9.230742152496289,32.87671232876713
-9.150152888111979,32.6530612244898
-8.95613630409847,32.432432432432435
-8.933664178631293,32.87671232876713
-9.027333059225995,32.87671232876713
-8.72630673833167,32.432432432432435
-8.505549263832359,31.788079470198674
-8.401416331472351,31.372549019607842
-8.242600180580387,30.967741935483872
-8.113441628487571,30.573248407643312
-8.005432756753297,30.76923076923077
-7.799698429392049,30.18867924528302
-7.728405361953077,30.379746835443036
-7.512656679921633,29.26829268292683
-7.518990973379651,29.62962962962963
-7.444185773299298,29.62962962962963
-7.190443834551455,29.26829268292683
-7.045501120842035,28.74251497005988
-6.979198275511622,28.571428571428573
-6.945407647505327,28.571428571428573
-6.63207172388553,28.235294117647058
-6.697389991449539,28.235294117647058
-6.524757556822912,28.07017543859649
-6.664177394399679,27.745664739884393
-6.169060179995096,27.11864406779661
-6.230891858555349,27.11864406779661
-6.471671656862985,27.745664739884393
-6.045493589310527,26.81564245810056
-6.083461374786462,26.81564245810056
-6.034743513013752,26.666666666666668
-6.010734382148503,26.81564245810056
-6.2255509847803285,27.586206896551722
-5.872771628411081,26.81564245810056
-5.918070781352222,26.96629213483146
-5.812533509045782,26.373626373626372
-5.836694070191034,26.81564245810056
-5.739039455708376,26.666666666666668
-5.669199450780492,26.666666666666668
-5.5516111543165385,26.229508196721312
-5.565834497148797,26.519337016574585
-5.579925917673882,26.519337016574585
-5.536730711956471,26.08695652173913
-5.393577639872666,25.806451612903224
-5.281710244327503,25.668449197860962
-5.4505181007398535,25.668449197860962
-5.099959884968755,24.870466321243523
-5.1053367334065385,25.130890052356023
-5.019722182164947,24.615384615384617
-4.999637135564809,24.742268041237114
-4.954935133136235,24.615384615384617
-4.944063356155856,24.870466321243523
-4.953375884693573,24.615384615384617
-4.717802780371972,24.12060301507538
-4.784228164682201,24.489795918367346
-4.766348915431543,24.0
-4.6592306538593125,24.0
-4.5951135323918715,23.880597014925375
-4.367854778880809,23.880597014925375
-4.385066622275278,23.414634146341463
-4.330665941581214,23.529411764705884
-4.384251078385844,23.529411764705884
-4.287470514050868,23.300970873786408
-4.123651409685773,23.076923076923077
-3.934994515413334,22.22222222222222
-3.9825839170202673,22.641509433962263
-4.089131563372938,22.325581395348838
-3.915234048851165,22.22222222222222
-3.938421891143493,22.22222222222222
-3.773117629582803,21.71945701357466
-3.756320469681692,21.62162162162162
-3.7560284480593835,21.71945701357466
-3.746429120836908,21.91780821917808
-3.688514068118004,21.62162162162162
-3.638176631107833,21.524663677130047
-3.536078267773785,21.524663677130047
-3.587158713247479,21.524663677130047
-3.6360365696567434,21.333333333333332
-3.5814870438258106,21.333333333333332
-3.4220202334645076,20.96069868995633
-3.5542514332755752,20.96069868995633
-3.4856047512879695,20.96069868995633
-3.5181079586883257,21.145374449339208
-3.3967932965530236,20.689655172413794
-3.373642491701639,20.689655172413794
-3.3285858797845504,20.869565217391305
-3.244179939090284,20.253164556962027
-3.2836633295200754,20.253164556962027
-3.1987286466896556,20.512820512820515
-3.294760254111018,20.689655172413794
-3.221237722994864,20.77922077922078
-3.219475084770198,20.600858369098713
-3.1323779015017115,20.512820512820515
-3.2550764645414993,20.425531914893618
-3.059018203672179,20.168067226890756
-3.0123384121040413,19.672131147540984
-3.099089499018881,20.253164556962027
-3.181828943276827,19.91701244813278
-3.0917537616797452,20.253164556962027
-3.1493411299770284,20.425531914893618
-3.0252536974107733,20.0
-3.0813623447614495,20.168067226890756
-3.094283416264741,20.168067226890756
-3.0438399236871088,19.91701244813278
-2.8758357925785987,20.0
-2.94484932029819,19.91701244813278
-3.0608592462365927,20.253164556962027
-2.912034670002283,20.0836820083682
-2.934398541887221,20.0836820083682
-2.8485984539754647,20.0
-2.9771503986752754,20.0836820083682
-2.8878440502267746,19.91701244813278
-2.8398217980316285,20.0836820083682
-2.857397100730116,20.168067226890756
-2.803436208835587,20.338983050847457
-2.8295163273685944,20.338983050847457
-2.794891877039809,20.0
-2.663653256376762,20.338983050847457
-2.7662906954307855,20.0
-2.7147574699241215,20.0836820083682
-2.6320128297184047,19.753086419753085
-2.64504324268042,19.834710743801654
-2.6625675344953246,20.168067226890756
-2.625132678037592,20.0836820083682
-2.577879925230982,19.753086419753085
-2.672594972663013,20.512820512820515
-2.6593232655427745,20.0
-2.6352911932327028,20.168067226890756
-2.625406355995168,20.0
-2.6785639455383943,20.253164556962027
-2.5657579258798395,20.0836820083682
-2.4791812970699945,20.168067226890756
-2.4376595441374143,19.834710743801654
-2.5125440576597353,20.512820512820515
-2.4966112210698577,20.253164556962027
-2.6126355576911204,20.0
-2.5445576563937355,20.0836820083682
-2.533117733712313,20.338983050847457
-2.5550667366709594,20.253164556962027
-2.513302494245706,20.0
-2.3931204604274066,19.91701244813278
-2.4342773191546185,19.753086419753085
-2.413153604844394,20.0836820083682
-2.4450448255598856,19.591836734693878
-2.4699739473568827,19.91701244813278
-2.4347864299831765,19.753086419753085
-2.4023362165196995,19.51219512195122
-2.364622520202939,19.51219512195122
-2.3733884505332288,20.0
-2.4236705296806123,19.591836734693878
-2.3978493885251475,19.753086419753085
-2.3180934305219885,19.51219512195122
-2.345120577515994,19.834710743801654
-2.371831809995999,19.672131147540984
-2.401465260405453,19.834710743801654
-2.323797551011638,19.12350597609562
-2.3747639021452462,19.51219512195122
-2.306694374812659,19.51219512195122
-2.288173514152264,19.2
-2.266889711480933,19.4331983805668
-2.2310663708963876,19.27710843373494
-2.2748083065483686,19.672131147540984
-2.339933987600524,19.672131147540984
-2.2239769315244255,19.27710843373494
-2.288943557107893,19.51219512195122
-2.2546162778780716,19.4331983805668
-2.195069852852526,19.2
-2.147083615838825,19.591836734693878
-2.2288726218113513,19.51219512195122
-2.3596001208728468,19.591836734693878
-2.1426899041951075,19.2
-2.2165175950123337,19.4331983805668
-2.1757566750829582,19.4331983805668
-2.1379565312015583,19.51219512195122
-2.1003805670462485,19.27710843373494
-2.1025285028854204,19.51219512195122
-2.1178790385614685,19.27710843373494
-2.2047628709353706,19.35483870967742
-2.274295819901121,19.51219512195122
-2.104358540143654,19.4331983805668
-2.061656791182664,19.591836734693878
-2.151968011639813,19.834710743801654
-2.104245112542413,19.834710743801654
-2.0749423478051936,19.591836734693878
-2.1617921039842942,19.834710743801654
-2.032747262864617,19.753086419753085
-2.1411101316844974,19.35483870967742
-2.012563608184377,19.27710843373494
-2.06673096494814,19.35483870967742
-2.0662875787112496,19.672131147540984
-1.9911515932262627,19.2
-1.9981331510825655,18.972332015810277
-2.0626094720864137,19.047619047619047
-1.9771721817648102,19.12350597609562
-1.9629487647020987,18.823529411764707
-1.9972748011652266,19.2
-1.9144732301992455,18.89763779527559
-1.9394522551523679,18.53281853281853
-1.9995018257087218,19.12350597609562
-1.9421543863582242,18.972332015810277
-1.9420555387159888,19.047619047619047
-1.9670402565549308,19.4331983805668
-1.9991644836052012,19.047619047619047
-1.9061139069547541,19.27710843373494
-1.8931246083465894,19.753086419753085
-1.9687006470621382,19.4331983805668
-1.8716905063474527,19.591836734693878
-1.9079772629562786,19.51219512195122
-1.9622247735352214,19.834710743801654
-1.9494733203921655,19.91701244813278
-1.9258365389339522,19.4331983805668
-1.9800637598259223,19.51219512195122
-1.9599444881731085,19.753086419753085
-1.9029798937734637,19.834710743801654
-1.836462987909638,19.4331983805668
-1.857072081853198,19.591836734693878
-1.8498986219523588,19.35483870967742
-1.9075631100934578,19.35483870967742
-1.8765041922563075,19.4331983805668
-1.842761872663706,19.591836734693878
-1.7992065360515603,19.753086419753085
-2.012454337610525,20.168067226890756
-1.8560483489824404,19.591836734693878
-1.8194424507041773,19.51219512195122
-1.8429966955198036,19.51219512195122
-1.7707787729391862,19.047619047619047
-1.9827146198491374,19.51219512195122
-1.7728823780646066,19.35483870967742
-1.7802400599181811,19.4331983805668
-1.7588917389008571,19.91701244813278
-1.9145628305119975,19.91701244813278
-1.7746915478697314,19.51219512195122
-1.7801632029175285,19.35483870967742
-1.8323681025831244,19.4331983805668
-1.7229043968401976,19.51219512195122
-1.7908382656289468,19.27710843373494
-1.8197329367088084,19.4331983805668
-1.7355662004355483,18.89763779527559
-1.7687961741117328,18.972332015810277
-1.8457359125222583,18.972332015810277
-1.688964442478968,18.89763779527559
-1.7576993397262617,18.89763779527559
-2.1247171383228407,19.672131147540984
-1.7477508858056814,19.4331983805668
-1.841852824589687,19.12350597609562
-1.7561278163909189,18.89763779527559
-1.733832552159611,18.823529411764707
-1.698335693877901,19.12350597609562
-1.752392746541921,19.51219512195122
-1.773327125963638,19.27710843373494
-1.7327910362541281,19.27710843373494
-1.797997810837147,19.672131147540984
-1.7055044189393778,19.591836734693878
-1.796010705081678,19.672131147540984
-1.7549307238358227,19.51219512195122
-1.7309207173416887,19.591836734693878
-1.647728314052609,19.12350597609562
-1.6747192423401935,19.2
-1.6244688868901496,19.12350597609562
-1.6945351631965462,19.35483870967742
-1.7399221455738654,19.047619047619047
-1.7224889276016815,19.12350597609562
-1.673094332714625,19.2
-1.7192788520856406,19.4331983805668
-1.654437928976062,18.972332015810277
-1.6087139190790471,18.972332015810277
-1.6810992530172255,19.672131147540984
-1.656924860260242,19.4331983805668
-1.58024664666626,18.972332015810277
-1.7427440185097285,19.753086419753085
-1.6676187465993577,19.047619047619047
-1.634324917215689,19.047619047619047
-1.6841724758251237,19.27710843373494
-1.5867673375149174,19.27710843373494
-1.729457849708581,19.12350597609562
-1.6176322392341764,19.047619047619047
-1.7455849847708271,19.12350597609562
-1.5997502025515662,18.6046511627907
-1.6015429467494549,18.89763779527559
-1.6348792966843795,18.75
-1.6861414185128971,18.823529411764707
-1.6746621231056271,18.75
-1.6134619227942613,18.67704280155642
-1.746875027763799,18.89763779527559
-1.6784097585403566,18.75
-1.597757629328575,18.67704280155642
-1.5859964314781976,19.047619047619047
-1.67754995148474,18.75
-1.6166524162088132,18.823529411764707
-1.6155011066160154,18.823529411764707
-1.6163665719258342,18.972332015810277
-1.5918091092173186,19.35483870967742
-1.5895778880271918,19.047619047619047
-1.6053281451275487,19.27710843373494
-1.5898182477070057,18.89763779527559
-1.577446582819032,18.823529411764707
-1.5361171718223852,18.972332015810277
-1.587993952114926,19.27710843373494
-1.586699925384787,19.12350597609562
-1.5746391411437897,19.35483870967742
-1.579038424017405,19.35483870967742
-1.5802630777363114,19.047619047619047
-1.5718088481333172,19.047619047619047
-1.6738932006937852,19.35483870967742
-1.6094454226251487,19.591836734693878
-1.474494666638219,19.27710843373494
-1.573248514385914,19.4331983805668
-1.5555356321087563,18.972332015810277
-1.5152398730736254,19.35483870967742
-1.5526671940173098,19.2
-1.494875664585961,19.047619047619047
-1.613942429523575,19.4331983805668
-1.587906076513182,19.4331983805668
-1.6068724514679666,19.27710843373494
-1.588132491572434,19.27710843373494
-1.564457197641902,19.2
-1.5472511624800442,18.89763779527559
-1.535710266644016,19.047619047619047
-1.5581707697910745,18.75
-1.5538601972610129,19.047619047619047
-1.4684865150510584,19.51219512195122
-1.5341809624462694,19.27710843373494
-1.7208235686020419,20.0836820083682
-1.5338516002999139,19.753086419753085
-1.4451374618668351,18.89763779527559
-1.5333295054893894,18.972332015810277
-1.5110221115289635,19.753086419753085
-1.564318434833476,19.4331983805668
-1.5112686437998994,19.27710843373494
-1.4515401699950565,19.12350597609562
-1.5077930227967982,19.672131147540984
-1.4846754435282739,19.51219512195122
-1.499038869620053,19.672131147540984
-1.533330113048187,19.672131147540984
-1.545666861673351,19.672131147540984
-1.5165960483244953,19.27710843373494
-1.4566647273240203,19.834710743801654
-1.5220602726898236,19.591836734693878
-1.4413027270754555,19.27710843373494
-1.4381593887341926,19.047619047619047
-1.4470784708409459,19.12350597609562
-1.4245580444064139,19.2
-1.4627402385351291,19.2
-1.369314486382477,19.4331983805668
-1.484018832631843,19.4331983805668
-1.4813079414106276,19.047619047619047
-1.4676034594842111,19.047619047619047
-1.5428541331999122,19.4331983805668
-1.4798075203500984,19.27710843373494
-1.400540852452293,19.2
-1.4712925981593272,19.51219512195122
-1.4516977717838064,19.27710843373494
-1.4366372933438678,19.35483870967742
-1.3996424292818248,19.35483870967742
-1.408411662372058,19.51219512195122
-1.3989414368453803,19.27710843373494
-1.449686594812017,19.672131147540984
-1.4849880969678515,19.2
-1.3831800420578997,18.89763779527559
-1.3511149868333159,19.672131147540984
-1.4364105753804126,19.4331983805668
-1.3768680328254215,19.51219512195122
-1.452542355926546,19.753086419753085
-1.3553337257227713,19.591836734693878
-1.3521065941245776,19.51219512195122
-1.4141307559455463,19.834710743801654
-1.3759097685028594,19.672131147540984
-1.4288222158345938,19.91701244813278
-1.443353292824638,20.0836820083682
-1.3843961797553095,19.591836734693878
-1.448759801957464,19.753086419753085
-1.4742259474818207,19.51219512195122
-1.3082210955622167,19.91701244813278
-1.4691392900806852,19.834710743801654
-1.4393917926826119,20.0
-1.4214971750268524,20.0
-1.467995948974223,19.834710743801654
-1.443961662406738,19.27710843373494
-1.35166711557116,19.12350597609562
-1.454790903984629,19.27710843373494
-1.306575457643514,19.753086419753085
-1.3971766402912673,19.51219512195122
-1.3642212395936595,19.753086419753085
-1.3714979983900237,19.753086419753085
-1.3514858811775226,19.51219512195122
-1.3937092899022063,19.753086419753085
-1.3103508164484605,19.753086419753085
-1.3251040829033733,19.672131147540984
-1.339664998096879,19.672131147540984
-1.3306255609741144,20.0
-1.3530494583156725,19.753086419753085
-1.477091228120252,19.834710743801654
-1.3646120800131885,19.4331983805668
-1.3516937251945804,19.35483870967742
-1.3471627620703164,20.0
-1.3168231613754882,19.27710843373494
-1.3721656497238375,19.51219512195122
-1.2879763612674553,19.51219512195122
-1.2947664962576495,19.591836734693878
-1.277759888684717,19.591836734693878
-1.321968124911947,19.591836734693878
-1.3048088231761445,19.51219512195122
-1.3549688184131583,19.834710743801654
-1.39473468005709,19.91701244813278
-1.3190584524477806,19.672131147540984
-1.2877616363295505,19.51219512195122
-1.2579375278873932,19.753086419753085
-1.2773817892653794,20.0836820083682
-1.3452830339209554,20.0
-1.2906602640974343,19.91701244813278
-1.2535409113027296,20.0836820083682
-1.2623060590729653,19.591836734693878
-1.4227802957233429,20.253164556962027
-1.3039696938347738,19.753086419753085
-1.3091016065424819,19.753086419753085
-1.3356013414794212,19.91701244813278
-1.2716968508100976,20.0
-1.2463903542249835,19.35483870967742
-1.3036704865550803,20.0
-1.322644499843213,19.753086419753085
-1.301188130221626,19.672131147540984
-1.2459042433151095,19.51219512195122
-1.2704421862019133,19.51219512195122
-1.2760306668313441,19.834710743801654
-1.2661904848489656,19.591836734693878
-1.26584702276182,19.591836734693878
-1.2916993670791672,19.51219512195122
-1.2581442721617138,19.834710743801654
-1.245759916911305,19.4331983805668
-1.2673155813016062,19.834710743801654
-1.2573796680845553,19.591836734693878
-1.2633567278007904,19.51219512195122
-1.3086327213127844,19.834710743801654
-1.2488692516447677,19.2
-1.2788972125941243,19.4331983805668
-1.3017175343366723,19.51219512195122
-1.1933098306624228,19.4331983805668
-1.2395462089525162,19.91701244813278
-1.2285204081391816,19.591836734693878
-1.2125038541410003,19.35483870967742
-1.2407932433477125,19.51219512195122
-1.233454683884147,19.591836734693878
-1.2635182669616127,20.0
-1.316002888213885,19.753086419753085
-1.3126417518787004,20.0836820083682
-1.1506181674140645,19.91701244813278
-1.2509057301683768,19.834710743801654
-1.2188558193532464,20.0836820083682
-1.2451650049540208,19.4331983805668
-1.1905519298755343,19.672131147540984
-1.2342615164496984,19.834710743801654
-1.2823153466475945,19.753086419753085
-1.1653674128845755,20.0
-1.2217802882364859,20.253164556962027
-1.1364245809583382,20.0836820083682
-1.2055574660155957,20.0
-1.243886008802513,20.0836820083682
-1.1769276040761474,19.672131147540984
-1.2106863587476437,20.0836820083682
-1.1956115421806868,20.168067226890756
-1.225926862708119,20.512820512820515
-1.2131163732109642,20.425531914893618
-1.1495036261663043,19.753086419753085
-1.1959791091886702,19.91701244813278
-1.1167173518096378,19.672131147540984
-1.1654801831592945,20.168067226890756
-1.2144872119034429,19.91701244813278
-1.1709606988348145,19.591836734693878
-1.1267068042727577,19.91701244813278
-1.1370410806963893,19.91701244813278
-1.2150707605136932,19.35483870967742
-1.1423408532604888,19.91701244813278
-1.2022299802008005,20.0
-1.1469463341093475,20.168067226890756
-1.1913025329181204,20.512820512820515
-1.1671361992971079,20.869565217391305
-1.1058442119247998,20.600858369098713
-1.1693854883763446,20.96069868995633
-1.2232635218251537,20.512820512820515
-1.0700273747449083,20.168067226890756
-1.108645164251762,20.338983050847457
-1.1611814677420214,20.96069868995633
-1.1465147379242462,20.600858369098713
-1.1593304204832222,20.96069868995633
-1.151498722118149,20.600858369098713
-1.184861598596905,20.77922077922078
-1.2415682293056527,21.145374449339208
-1.1435404824577622,21.333333333333332
-1.2649088188812407,21.333333333333332
-1.1335215836728938,21.428571428571427
-1.1317257831042626,20.689655172413794
-1.0982188035776006,21.145374449339208
-1.1729969356782322,21.05263157894737
-1.1928084731357327,21.238938053097346
-1.211827098433209,21.05263157894737
-1.1403275067894676,20.425531914893618
-1.2071742113715915,21.333333333333332
-1.1511867683750412,21.71945701357466
-1.2046445615963945,21.91780821917808
-1.1097841156277841,21.428571428571427
-1.1217368713363294,21.333333333333332
-1.1658317375408205,21.428571428571427
-1.0938286916085938,21.333333333333332
-1.1317660281471686,20.869565217391305
-1.15894045151264,21.333333333333332
-1.2269801994139722,21.145374449339208
-1.0698845273421327,21.238938053097346
-1.098587756000592,20.77922077922078
-1.055945026787336,21.145374449339208
-1.1006637215716044,21.524663677130047
-1.0563046759248997,21.238938053097346
-1.1292216738629675,21.62162162162162
-1.1008509680237235,21.71945701357466
-1.067732776698037,21.145374449339208
-1.0454608416324014,21.333333333333332
-1.0112184282613947,20.869565217391305
-1.0769040646117785,20.600858369098713
-1.1214509821573373,21.333333333333332
-1.1051924671957527,21.428571428571427
-1.1706098806379768,21.05263157894737
-1.0096371606828378,20.96069868995633
-1.0763584513728497,21.428571428571427
-1.0809434514542018,21.428571428571427
-1.030946566716349,21.333333333333332
-1.0296458749446267,20.869565217391305
-0.997238564385518,20.96069868995633
-1.0685024911717897,20.96069868995633
-1.1227947417934094,21.524663677130047
-1.0433311988373133,21.428571428571427
-1.042174920760252,21.145374449339208
-1.0328827150681927,21.428571428571427
-1.0656857790453402,22.119815668202765
-1.0751655989165603,22.01834862385321
-1.0213618419773758,21.428571428571427
-1.254714832875593,22.119815668202765
-1.0229600821016258,21.05263157894737
-1.1559764187039046,21.333333333333332
-1.0256977730515608,21.238938053097346
-1.0469053557829087,21.71945701357466
-1.043745281770042,21.62162162162162
-1.0289560652338328,21.333333333333332
-0.9830489153743399,21.238938053097346
-1.1203362905062286,20.869565217391305
-0.9898006613671523,20.77922077922078
-1.0077666581112845,21.524663677130047
-1.0299840124148258,21.05263157894737
-0.9696059571325374,20.869565217391305
-0.9541015681190466,20.869565217391305
-1.036861163562845,21.05263157894737
-0.9523080211708166,21.145374449339208
-1.0480627841069263,20.869565217391305
-0.9793335296375532,20.96069868995633
-0.965053982838163,21.05263157894737
-1.0136845971207549,21.428571428571427
-0.9233788625467476,21.333333333333332
-0.9517667197797626,21.05263157894737
-1.0505058973580204,21.62162162162162
-0.9872938729878848,21.71945701357466
-1.0040972219230646,21.145374449339208
-1.1330130091596398,21.333333333333332
-0.9574955271202192,21.145374449339208
-1.0382967371992178,21.05263157894737
-0.8966723064529617,20.96069868995633
-1.0734313765081094,20.869565217391305
-0.9785023014383265,21.05263157894737
-1.001378887642426,21.145374449339208
-0.9170985278129667,21.333333333333332
-0.8910352822218718,21.238938053097346
-0.9361711685323597,21.333333333333332
-0.95020997947256,21.145374449339208
-0.8603355814642534,21.428571428571427
-0.8202549928473079,21.71945701357466
-0.9890769574627939,21.524663677130047
-0.9479256298905059,20.96069868995633
-0.9901344719253022,21.05263157894737
-0.9008126878230025,21.145374449339208
-0.9381921882566504,21.145374449339208
-0.9014580011499947,21.71945701357466
-0.9804664356797164,21.818181818181817
-0.9789600282506983,21.71945701357466
-0.9700988592855786,21.818181818181817
-0.9775294831632809,21.428571428571427
-1.0841738695681744,21.62162162162162
-0.9360048410027209,21.62162162162162
-0.8622940621254391,21.238938053097346
-1.1069092328717218,21.71945701357466
-0.9875908130099721,21.333333333333332
-0.869431467175022,21.428571428571427
-0.8529247271889244,21.71945701357466
-0.8876897959734706,21.145374449339208
-0.9573616222702619,21.524663677130047
-0.8793062010903007,21.818181818181817
-0.8806757099795678,21.71945701357466
-0.8860001382623215,21.333333333333332
-0.9669907049557235,21.333333333333332
-0.8783812960509527,21.818181818181817
-1.001564392943848,22.01834862385321
-0.8425106806840444,22.535211267605632
-0.9703388646553269,22.22222222222222
-0.9565248967467332,21.524663677130047
-0.8996577611075521,22.429906542056074
-0.8270335309778896,22.119815668202765
-0.8662022099257058,21.91780821917808
-0.993881776998295,22.325581395348838
-0.8996953351766261,22.01834862385321
-0.907799435771205,22.119815668202765
-0.9760070371615108,22.119815668202765
-0.9418121409396619,22.429906542056074
-0.9022298921053454,22.22222222222222
-0.9386596867438399,22.22222222222222
-0.7957263142962805,22.325581395348838
-0.9579256504500905,22.641509433962263
-0.8829515861399685,22.119815668202765
-0.8070362377593165,22.22222222222222
-0.8188633949036193,22.325581395348838
-0.9102513326992656,21.71945701357466
-0.8928836851238553,22.119815668202765
-0.8189242085767355,22.429906542056074
-0.8461734736221568,23.076923076923077
-0.8797601543891973,22.429906542056074
-0.9073279280041191,22.325581395348838
-0.7449545916904973,22.748815165876778
-0.9227239652696656,22.325581395348838
-0.8311939753380163,22.429906542056074
-0.768007793058785,22.748815165876778
-0.8386978051766182,22.748815165876778
-0.9234354588911395,23.076923076923077
-0.7898443766309486,22.429906542056074
-0.8126166449260368,22.748815165876778
-0.8691409101689915,22.748815165876778
-1.0306612812479032,23.414634146341463
-0.782406919250367,22.535211267605632
-0.9256416118101998,22.966507177033492
-0.9672790363159693,22.641509433962263
-0.8294204461519717,23.300970873786408
-0.7338820274365451,22.966507177033492
-0.7143616232625765,22.966507177033492
-0.7562177410263996,23.414634146341463
-0.7711847888767095,23.18840579710145
-0.7770698901975204,23.18840579710145
-0.8389075096605724,23.529411764705884
-0.8815285623926828,23.645320197044335
-0.8134832675702124,23.529411764705884
-0.7703541158133776,23.880597014925375
-0.8472369566609972,23.645320197044335
-0.7936006742451285,22.535211267605632
-0.925696644299382,23.414634146341463
-0.7922645176787187,23.076923076923077
-0.7747948481098159,23.300970873786408
-0.860945912450135,23.076923076923077
-0.7849680448077591,23.300970873786408
-0.81750809740515,24.0
-0.8063021847310948,23.414634146341463
-0.907875178215194,23.880597014925375
-0.79065866486787,23.762376237623762
-0.8946143622482595,23.529411764705884
-0.8156252654922003,24.12060301507538
-0.7895137151297987,23.762376237623762
-1.026163620881534,24.242424242424242
-0.7063333453425219,23.414634146341463
-0.8172851830003405,23.645320197044335
-0.7698089438582507,23.645320197044335
-0.9925053460531409,23.880597014925375
-0.721353066419789,23.414634146341463
-0.7403438260776957,23.762376237623762
-0.8360132558331984,23.645320197044335
-0.7919711327036139,24.242424242424242
-0.7728744816436446,23.529411764705884
-0.7002953330044106,23.529411764705884
-0.691698133188516,24.365482233502537
-0.6893914072051175,23.762376237623762
-0.7574302393097024,23.529411764705884
-0.6319711964252274,23.880597014925375
-0.8241022775686497,23.645320197044335
-0.7511318002793649,24.12060301507538
-0.6687775300100652,24.0
-0.8403903618912175,24.242424242424242
-0.6951578908893893,23.762376237623762
-0.7070241176457543,24.0
-0.6920895913923701,24.0
-0.7086458819065429,24.365482233502537
-0.6289567820407155,23.880597014925375
-0.6923127315969835,24.0
-0.6516810423905893,23.762376237623762
-0.6943896175282305,24.615384615384617
-0.7388173933657863,24.489795918367346
-0.5814571592803907,24.0
-0.7362142513583236,23.762376237623762
-0.6953834090931632,24.489795918367346
-0.5708857283756038,24.242424242424242
-0.6719496460080581,24.489795918367346
-0.6404179843746142,24.489795918367346
-0.6653922633188454,24.489795918367346
-0.7704925318019821,24.742268041237114
-0.6514870706017317,23.880597014925375
-0.6899467884419195,23.880597014925375
-0.658215982346431,24.365482233502537
-0.6163210821571383,23.880597014925375
-0.6272253948080034,23.645320197044335
-0.636783930752594,24.0
-0.553188050494613,24.12060301507538
-0.9648360208092078,24.870466321243523
-0.5374682234267437,24.870466321243523
-0.6378981843223827,24.742268041237114
-0.6897201250243236,24.615384615384617
-0.5141029565146968,24.742268041237114
-0.5912449531940778,24.742268041237114
-0.5462083640013753,25.396825396825395
-0.5234578190926414,25.130890052356023
-0.5448154477863304,25.0
-0.499938537821954,25.130890052356023
-0.570038499088929,24.742268041237114
-0.5862948563393061,25.130890052356023
-0.5599393094174546,25.0
-0.6405805207743415,25.945945945945947
-0.7043112224678977,25.130890052356023
-0.8719750059955034,26.08695652173913
-0.5701241382898891,26.666666666666668
-0.6440843796903106,25.806451612903224
-0.49931233527289964,25.396825396825395
-0.579299500544609,25.668449197860962
-0.6458906949703987,25.806451612903224
-0.6444827033362507,25.806451612903224
-0.46952365831126663,26.08695652173913
-0.5471362006288423,26.519337016574585
-0.40235170524473995,26.373626373626372
-0.5434131942743848,26.666666666666668
-0.462099202325167,26.229508196721312
-0.5065818713128502,27.11864406779661
-0.46534603434270916,27.272727272727273
-0.422150833599458,27.11864406779661
-0.3213695482234347,26.96629213483146
-0.6377557040596167,27.428571428571427
-0.3609341044035222,28.07017543859649
-0.5779898315606423,27.428571428571427
-0.3950314757321509,29.26829268292683
-0.3625434168889745,29.62962962962963
-0.3202969009996359,29.62962962962963
-0.35263395159244637,31.372549019607842
-0.5073151857480588,32.432432432432435
-0.1733778201063613,31.57894736842105
-0.320745794005553,31.788079470198674
-0.3664017108447095,32.6530612244898
-0.1086113924350875,34.78260869565217
-0.1885423642228071,33.10344827586207
-0.16045020404254257,35.03649635036496
-0.17494125274943567,33.333333333333336
-0.08562730077647983,34.78260869565217
-0.018215814701392462,35.55555555555556
0.1333944758197612,35.55555555555556
-0.1483755181946099,34.04255319148936
0.2608081980243303,36.090225563909776
0.29470429644849266,36.6412213740458
0.3894869258641426,35.55555555555556
0.4230157347640024,37.5
0.7521068380129006,37.5
0.22806354032867993,36.090225563909776
0.5063170561960443,37.5
0.6825040069269414,37.79527559055118
0.7265912693574502,37.2093023255814
0.6633312605100157,37.5
0.8960304691068064,37.79527559055118
0.9567877826946803,38.70967741935484
1.2580734541252458,40.0
0.42268730965156576,38.70967741935484
1.077686926091594,39.34426229508197
1.098302140515654,41.02564102564103
0.9043728144096852,39.66942148760331
1.178451071263815,41.73913043478261
1.1766356337993937,40.67796610169491
1.5449351650199477,41.73913043478261
1.4212877378852815,41.73913043478261
1.455354463604577,42.10526315789474
1.902775170895384,42.10526315789474
1.8326664821297476,42.47787610619469
1.4494067479672879,42.47787610619469
1.7445979331899248,42.857142857142854
1.551092578154633,41.73913043478261
1.5532113189051804,42.10526315789474
1.834377369081449,43.24324324324324
1.8062224301745893,42.10526315789474
1.7076414454015283,43.63636363636363
2.0378830726927135,44.03669724770642
1.715306672740042,43.24324324324324
2.194269531690064,44.03669724770642
1.8740876078993678,42.857142857142854
2.0017723593527945,44.85981308411215
2.3934154607327804,44.85981308411215
2.242408318934006,45.283018867924525
2.7855969993862293,46.601941747572816
2.114628707233785,43.63636363636363
2.102079379428538,44.85981308411215
2.775271436496575,46.15384615384615
2.618425661178134,47.524752475247524
1.9277046414289765,46.15384615384615
2.545925134194997,46.15384615384615
3.0713116423109548,47.05882352941177
2.9380906641635285,46.601941747572816
2.81220351805039,46.601941747572816
3.042252512882472,48.0
3.2208777903015333,47.05882352941177
3.0761106104240943,48.484848484848484
3.237770525754212,48.0
3.257164423787964,48.97959183673469
3.5440701648360164,50.0
3.037815415202598,48.97959183673469
3.4093348147618334,51.61290322580645
3.133500447471112,49.48453608247423
3.7529797983452644,50.526315789473685
3.9565452492633133,50.526315789473685
3.4525928727203485,50.526315789473685
4.184702102518287,51.61290322580645
3.580127814322013,50.0
3.9063439084021887,51.06382978723404
4.268036021573105,51.06382978723404
4.430424995786465,51.06382978723404
4.309614014818414,50.526315789473685
4.488321231259273,53.333333333333336
4.324789137318627,51.61290322580645
4.875855141606546,51.61290322580645
4.878539522150445,51.61290322580645
4.344852414794946,52.17391304347826
4.699647843200874,52.747252747252745
5.066505012471937,53.93258426966292
5.046376209109729,55.81395348837209
5.211608999641472,52.17391304347826
4.799597921678338,52.747252747252745
4.960882338704945,55.81395348837209
4.979722970312125,55.81395348837209
5.215688846245817,53.93258426966292
5.525334266892358,53.333333333333336
5.8987173618104345,56.470588235294116
5.665470870452048,56.470588235294116
6.217878633616241,58.53658536585366
5.462469993991602,57.142857142857146
6.1031447139221635,58.53658536585366
6.199483413076331,59.25925925925926
6.034120894654372,59.25925925925926
6.516631824760438,59.25925925925926
6.224071553903967,59.25925925925926
6.457163972359008,59.25925925925926
7.509128347264112,63.1578947368421
6.072703670191169,60.75949367088607
6.722674964058574,60.0
6.415128415623275,57.83132530120482
6.721392679292517,62.33766233766234
5.889355166899655,60.0
7.35823196447499,64.0
7.129877219136649,60.75949367088607
7.48380052898356,63.1578947368421
8.004310389606088,62.33766233766234
7.231947136554898,61.53846153846154
7.666378120093968,64.86486486486487
7.473649152657631,64.0
7.16298610777669,63.1578947368421
7.644859021379398,64.0
7.9096695243943245,64.0
7.827420690017823,66.66666666666667
8.571250045286718,70.58823529411765
8.109905049742464,65.75342465753425
7.511730328268402,67.6056338028169
8.765036168863329,65.75342465753425
8.548265853295751,66.66666666666667
8.089049986012068,68.57142857142857
8.607764919460024,63.1578947368421
8.559764264500567,66.66666666666667
8.399736873757789,67.6056338028169
9.1573165220337,70.58823529411765
9.221096296317603,67.6056338028169
9.104454549556984,72.72727272727273
8.816155713982761,71.64179104477611
9.872510536584013,71.64179104477611
10.115306704046596,72.72727272727273
9.686610245257759,73.84615384615384
10.301880483095177,77.41935483870968
10.995351864732362,77.41935483870968
10.42061437531366,78.68852459016394
9.04019180187418,67.6056338028169
11.66326396879958,81.35593220338983
11.73783212612222,80.0
9.746403035008397,71.64179104477611
12.347874751264175,82.75862068965517
10.955420903004972,84.21052631578948
11.54804824027089,78.68852459016394
12.453278764629976,82.75862068965517
12.169848033878523,87.27272727272727
10.810531480221805,81.35593220338983
10.867672244786187,85.71428571428571
12.356484024674435,81.35593220338983
12.58623307169524,84.21052631578948
12.420223854789475,84.21052631578948
12.520981911845528,82.75862068965517
12.399933677147365,85.71428571428571
16.629967018774117,94.11764705882354
14.957537665486281,96.0
15.15671478995286,97.95918367346938
15.063314206013139,97.95918367346938
14.030360357107984,94.11764705882354
14.796749685902709,94.11764705882354
14.929223724253292,94.11764705882354
14.855460904498674,94.11764705882354
15.18592942371181,100.0
16.00421039414787,104.34782608695652
13.734122012273788,92.3076923076923
15.65595959952529,97.95918367346938
17.60962080875752,104.34782608695652
14.817944094890494,97.95918367346938
17.403221548613438,123.07692307692308
16.92746997776998,114.28571428571429
16.336193062704435,100.0
18.585137756675664,114.28571428571429
16.963205744887237,104.34782608695652
17.704633807783253,97.95918367346938
16.487467970430103,96.0
17.42144812984359,94.11764705882354
17.25713856440359,96.0
18.44073919126396,100.0
17.26300244268747,97.95918367346938
19.18979685199879,100.0
18.043893342502233,97.95918367346938
18.069111393534726,96.0
19.746292299977007,102.12765957446808
19.79127022196271,104.34782608695652
18.675972442081775,106.66666666666667
20.220615959184084,109.0909090909091
16.979390343491804,104.34782608695652
22.656394246174706,126.3157894736842
19.656249642086784,111.62790697674419
24.917327067178586,126.3157894736842
24.381121352930954,129.72972972972974
17.075625376143744,114.28571428571429
20.48179704988687,114.28571428571429
25.569750660223647,129.72972972972974
17.282855955445168,102.12765957446808
23.814671745949827,123.07692307692308
23.160863156982668,123.07692307692308
22.95515412656439,120.0
17.533660066052704,104.34782608695652
21.868644775557236,114.28571428571429
22.319937003080327,111.62790697674419
20.396826644671222,106.66666666666667
21.813536536511798,111.62790697674419
22.720996244649506,109.0909090909091
24.301491360766704,114.28571428571429
23.763522722303577,117.07317073170732
24.595444134695832,120.0
28.588111714736627,129.72972972972974
24.415375552438203,120.0
25.48710801367528,133.33333333333334
26.948714463597447,141.1764705882353
24.867062930383845,120.0
25.83922788733101,129.72972972972974
20.880433372824296,114.28571428571429
29.590778689234522,129.72972972972974
23.666814763473262,126.3157894736842
21.760298504753905,120.0
27.109951099525432,141.1764705882353
26.623827338018515,133.33333333333334
25.510192976748016,129.72972972972974
21.976755339181732,111.62790697674419
22.536028267948122,117.07317073170732
25.159373025882648,120.0
25.526353203714468,123.07692307692308
20.934226772869465,120.0
28.460381874053077,129.72972972972974
27.420012661712647,126.3157894736842
24.662335014119364,123.07692307692308
27.404157417259913,129.72972972972974
26.840013813416594,129.72972972972974
28.045323028453282,126.3157894736842
22.11172135899063,111.62790697674419
28.757339359313434,126.3157894736842
28.47163762476122,123.07692307692308
32.09839444006408,137.14285714285714
30.93050668786474,137.14285714285714
32.07538587551223,137.14285714285714
30.604400938620042,133.33333333333334
32.66030820869881,137.14285714285714
33.8630005151598,145.45454545454547
32.093570374963726,137.14285714285714
31.663917038623072,145.45454545454547
34.45757481606196,145.45454545454547
30.822202374877698,133.33333333333334
29.980110019872576,129.72972972972974
32.258660014429836,133.33333333333334
31.75951238496971,137.14285714285714
28.18937568859242,129.72972972972974
31.18304962473517,137.14285714285714
31.968782475483504,129.72972972972974
30.321734934748097,129.72972972972974
30.599555967519244,145.45454545454547
39.46948105124454,160.0
32.45975468792602,141.1764705882353
32.62919394675977,145.45454545454547
33.65791827312042,160.0
33.19502843999928,137.14285714285714
36.70618526770548,150.0
34.7415487689399,160.0
45.88198031553006,184.6153846153846
34.53042344990813,165.51724137931035
42.35912147886666,171.42857142857142
32.59257722659787,160.0
40.23778526722288,171.42857142857142
30.349049932025363,160.0
38.83774629664778,165.51724137931035
46.691382842692,184.6153846153846
47.126980674472726,192.0
39.34529768979708,165.51724137931035
52.28514409828082,200.0
42.06995298441547,171.42857142857142
35.067085552118506,154.83870967741936
41.526721345826225,165.51724137931035
36.498624715332554,154.83870967741936
40.28910315062045,171.42857142857142
36.79762115861076,184.6153846153846
44.903001458917544,208.69565217391303
49.17152894299473,200.0
51.864414479751346,218.1818181818182
48.59866644231329,192.0
40.182291218431985,171.42857142857142
42.158383564884204,184.6153846153846
36.1716745017118,165.51724137931035
39.306473744089736,171.42857142857142
44.022262925484966,192.0
56.972029604246224,240.0
43.93271612731344,192.0
43.14652897867333,177.77777777777777
43.20195461877547,184.6153846153846
41.263343828722064,184.6153846153846
43.25442945163919,192.0
47.299532002262836,184.6153846153846
39.82403358728166,165.51724137931035
63.567684763877736,228.57142857142858
47.54255817573042,192.0
51.419823186008465,208.69565217391303
38.893147878847344,171.42857142857142
46.73788131042562,192.0
33.29288367443335,154.83870967741936
40.262678594292176,192.0
51.525578918520196,208.69565217391303
39.5619445434812,177.77777777777777
48.204989699156435,208.69565217391303
40.53917689817887,192.0
46.067213188703,228.57142857142858
36.402270751531475,171.42857142857142
39.64928646716507,184.6153846153846
46.370183243601126,200.0
39.23823360352578,177.77777777777777
45.03425283238486,200.0
53.778924638049894,218.1818181818182
47.59060087127702,208.69565217391303
46.91339222303549,192.0
47.50760677922107,200.0
41.84730671983172,177.77777777777777
42.93331435843647,177.77777777777777
44.629563681258986,184.6153846153846
50.64569104604655,200.0
49.26270958767862,192.0
41.107080003266994,165.51724137931035
43.78548323352829,171.42857142857142
44.03943184838582,165.51724137931035
34.39943751299404,145.45454545454547
41.307300112850974,165.51724137931035
39.46846243802067,154.83870967741936
43.37083201644555,160.0
39.007785765868526,171.42857142857142
47.89365380757399,171.42857142857142
52.99392115177429,192.0
42.67931933388015,160.0
51.69801700322026,192.0
47.450602023528354,192.0
54.57384568036759,218.1818181818182
40.938266018001194,165.51724137931035
44.12506614651787,177.77777777777777
46.152143353096136,184.6153846153846
57.63404581628617,208.69565217391303
45.59747844134426,192.0
47.76711487191894,192.0
49.03475838664232,184.6153846153846
47.64097461006858,177.77777777777777
52.50931176208395,192.0
43.958480732201004,177.77777777777777
44.310191910442256,177.77777777777777
51.56721055061001,200.0
57.42671585477762,200.0
42.404720800497046,171.42857142857142
47.057587644897175,177.77777777777777
45.90211656282385,177.77777777777777
48.47699624560157,192.0
55.1263595739666,200.0
43.65069592018167,177.77777777777777
52.01363142125103,184.6153846153846
54.01165950062224,200.0
58.94768758758886,208.69565217391303
45.94438222242055,184.6153846153846
57.23737673595582,208.69565217391303
51.24229590441788,192.0
59.42749814535768,252.6315789473684
61.123261577975555,266.6666666666667
67.52819027172627,252.6315789473684
56.367623808201415,218.1818181818182
44.61309586221321,208.69565217391303
49.25825135954432,240.0
59.31992858443961,300.0
52.67545167560721,200.0
50.17120550818259,200.0
60.53745357728669,240.0
44.82729887735801,200.0
51.14958650787833,192.0
46.41965672608552,192.0
55.55213455463419,208.69565217391303
47.964029883488095,192.0
76.62056403647858,266.6666666666667
46.44953915828728,192.0
42.92824364191191,228.57142857142858
42.74152995938452,177.77777777777777
48.262089853095254,200.0
57.04322957311985,228.57142857142858
58.90878575813258,218.1818181818182
49.29736868909887,200.0
42.43904272655734,200.0
62.022036404009974,228.57142857142858
47.47399289789548,200.0
51.8851750951335,208.69565217391303
70.36419528557849,240.0
52.1087968541115,208.69565217391303
46.571379666011936,184.6153846153846
50.00782117764151,184.6153846153846
47.41550543557265,208.69565217391303
64.28258635722713,240.0
59.39507220454372,240.0
57.57004594872847,208.69565217391303
58.203868166507924,208.69565217391303
47.79352367801055,192.0
68.05631110647852,218.1818181818182
66.29770577735283,228.57142857142858
71.91861740831774,252.6315789473684
53.9947803962631,200.0
46.82024359330582,177.77777777777777
48.18822681109443,192.0
53.472212500373736,192.0
74.73971566221589,266.6666666666667
72.21622237178646,252.6315789473684
84.12482993573519,300.0
53.57514150489369,208.69565217391303
73.35623122946981,266.6666666666667
52.823481143647186,228.57142857142858
82.71576367392193,320.0
85.75175185515852,300.0
60.05704238735825,252.6315789473684
60.40572329222122,228.57142857142858
65.52687907538532,252.6315789473684
55.98610072682839,218.1818181818182
61.500514698960565,252.6315789473684
62.61727448985544,252.6315789473684
80.0943976291051,300.0
79.64627973811973,300.0
74.01185520048762,342.85714285714283
65.48736381339208,252.6315789473684
56.77246775890217,252.6315789473684
62.96143092911696,252.6315789473684
46.4374654976232,192.0
60.0235890741168,228.57142857142858
57.98312920969109,228.57142857142858
57.92707036771778,252.6315789473684
48.6462975094148,192.0
48.95643324759177,200.0
57.280983899146506,218.1818181818182
52.87862777085922,208.69565217391303
67.3480952103311,228.57142857142858
65.21831648883185,240.0
73.26028962997319,252.6315789473684
61.34675723875667,228.57142857142858
61.60968640402545,240.0
71.16826438750662,266.6666666666667
70.06444942663747,282.3529411764706
66.74662087599843,252.6315789473684
63.285638324011245,282.3529411764706
75.6291046292716,282.3529411764706
73.73325165728937,266.6666666666667
58.314042430386834,228.57142857142858
62.88636206249474,228.57142857142858
61.57796246127775,218.1818181818182
64.95192640452777,228.57142857142858
59.407713335061665,228.57142857142858
61.24663726539974,240.0
60.58130917369042,218.1818181818182
92.28819283752901,320.0
64.98891030658491,282.3529411764706
61.67890644406961,218.1818181818182
65.83265057015768,252.6315789473684
80.61572228997878,266.6666666666667
68.67285786242884,228.57142857142858
87.87046729153215,282.3529411764706
52.74353767080663,218.1818181818182
81.36857635814779,266.6666666666667
67.19959761745736,228.57142857142858
80.33480524128456,266.6666666666667
78.80798274970753,266.6666666666667
62.90829343079794,240.0
81.73210242320664,300.0
65.13316328335088,240.0
72.82969012002431,252.6315789473684
82.48959180872959,282.3529411764706
78.4219110867852,266.6666666666667
80.1809140690278,282.3529411764706
74.5770759712739,282.3529411764706
67.22504848955245,240.0
74.00170663606612,266.6666666666667
69.83319789862344,282.3529411764706
71.07974331553532,342.85714285714283
62.22799236872588,300.0
76.53809476159859,300.0
74.73288155850568,282.3529411764706
66.80363909795055,228.57142857142858
69.27741321304984,240.0
69.0488937949154,228.57142857142858
82.70440093906358,266.6666666666667
65.9496998823969,218.1818181818182
63.63986338851066,240.0
90.1693112966895,282.3529411764706
60.937428745859194,228.57142857142858
62.19874785441172,218.1818181818182
55.095155760728865,208.69565217391303
68.72876411364659,252.6315789473684
60.647762524457484,228.57142857142858
91.28013391801062,300.0
88.27788158095375,320.0
54.909938794282276,228.57142857142858
79.41998441553687,342.85714285714283
52.95545433582401,218.1818181818182
73.17131377265936,252.6315789473684
86.59594963768039,282.3529411764706
59.468652741487425,228.57142857142858
77.93449104397477,282.3529411764706
57.29201556242433,240.0
75.76352844675549,266.6666666666667
71.47328178493788,266.6666666666667
93.24687739605697,300.0
66.76366773020735,240.0
71.09890445755111,300.0
79.09630263139101,252.6315789473684
74.9235356651283,252.6315789473684
60.252537566201596,228.57142857142858
77.03606719842276,266.6666666666667
93.62158815696114,342.85714285714283
73.61270808482482,252.6315789473684
84.82102132205785,282.3529411764706
81.04458774030573,266.6666666666667
77.9808144851929,300.0
78.22909528641162,282.3529411764706
79.17759609556072,282.3529411764706
79.07923190992834,300.0
69.29705026017844,252.6315789473684
73.92190528524493,252.6315789473684
86.29968112571673,300.0
71.38976156819632,300.0
73.01784322427557,252.6315789473684
46.346765667922234,184.6153846153846
73.81585045892673,266.6666666666667
82.61930132643909,266.6666666666667
64.37733083910537,228.57142857142858
77.36680135475996,266.6666666666667
60.2367724344016,228.57142857142858
57.27553791641616,218.1818181818182
65.60918632837479,228.57142857142858
57.277314621455076,218.1818181818182
65.13344014383217,228.57142857142858
78.35156044264545,282.3529411764706
69.3752196892099,240.0
55.95037982692712,208.69565217391303
82.32086090878323,282.3529411764706
71.32248654177076,228.57142857142858
66.73895569748291,228.57142857142858
60.46151811787199,208.69565217391303
72.38404120137679,240.0
79.84405621395035,282.3529411764706
75.92785688635122,252.6315789473684
98.35371581566302,320.0
67.86382186715448,228.57142857142858
74.57102584678007,266.6666666666667
76.48444129444287,252.6315789473684
95.87879127964223,300.0
104.11343322905154,342.85714285714283
85.47707392619151,300.0
80.92173487897054,300.0
95.03734708033299,300.0
82.56940083659015,320.0
110.87106355294576,369.2307692307692
74.61683814784541,282.3529411764706
95.84555230516145,320.0
91.51339220795538,300.0
105.11896265498694,342.85714285714283
82.51002345488479,266.6666666666667
65.27135480757005,228.57142857142858
80.22132249706509,266.6666666666667
73.66136243285628,252.6315789473684
73.9586347563611,266.6666666666667
94.76517857008727,300.0
74.18417403360168,252.6315789473684
72.57190810047612,240.0
54.202789326942366,200.0
74.03410204029964,228.57142857142858
74.92849279468763,240.0
77.29621068180207,240.0
78.43382726636331,240.0
69.47554660635862,228.57142857142858
69.35151933108546,252.6315789473684
63.730160478590506,228.57142857142858
76.68783734349387,252.6315789473684
60.86878859583173,208.69565217391303
62.31462404363071,228.57142857142858
74.47216664485305,240.0
69.71681830320416,228.57142857142858
77.25242259461994,252.6315789473684
76.11800802515738,240.0
78.31407483183347,266.6666666666667
60.17042453133839,240.0
60.49632676067696,228.57142857142858
82.07179431344903,266.6666666666667
81.5033995879785,252.6315789473684
84.49911761268693,266.6666666666667
65.71398927911343,208.69565217391303
90.65970473297627,266.6666666666667
77.9001279124791,240.0
83.16418017900261,282.3529411764706
96.56225662579789,282.3529411764706
86.29080502323438,266.6666666666667
65.22164749034526,218.1818181818182
65.32082301994659,218.1818181818182
114.84518876625586,342.85714285714283
73.21883835967468,240.0
76.18936531656604,240.0
68.27309265927312,218.1818181818182
67.84918532492166,218.1818181818182
67.44357132563545,228.57142857142858
77.02983780028079,240.0
102.62915865880757,300.0
58.98732445385375,200.0
72.2366441947677,218.1818181818182
60.6492386798916,192.0
73.63670847943611,228.57142857142858
70.08086644713283,228.57142857142858
62.951645692736,200.0
67.72414682915387,208.69565217391303
56.31536102856128,218.1818181818182
69.49384192909893,218.1818181818182
69.1457432259099,228.57142857142858
61.307713982995494,208.69565217391303
80.29743949375128,240.0
91.09114591452483,282.3529411764706
75.91715748251765,228.57142857142858
78.16412051595104,240.0
75.58489737521056,228.57142857142858
64.51607724123073,200.0
77.37275140827256,252.6315789473684
64.2080565765967,208.69565217391303
63.72727966668928,208.69565217391303
48.906685505299265,171.42857142857142
60.217760226664375,192.0
66.38314257292991,228.57142857142858
72.0533420960675,266.6666666666667
61.57075508742151,208.69565217391303
56.78400435713535,208.69565217391303
79.48269288057797,240.0
78.19872613742531,240.0
81.60711688504497,266.6666666666667
82.71580502362468,252.6315789473684
81.28957779281838,252.6315789473684
70.97977567524256,228.57142857142858
74.42719347234436,240.0
55.59807982155544,200.0
69.65816412300762,228.57142857142858
63.48619224124902,208.69565217391303
64.62943945945463,218.1818181818182
74.24301261544392,228.57142857142858
89.58648682905292,266.6666666666667
81.0109966501247,240.0
79.96979220445164,252.6315789473684
73.54661733245061,240.0
91.93035376824784,282.3529411764706
81.13670717787237,266.6666666666667
85.70193238108885,282.3529411764706
92.00349235189277,266.6666666666667
60.455711131972265,218.1818181818182
53.591851579654715,208.69565217391303
50.01575814570059,177.77777777777777
65.90254051563649,208.69565217391303
83.00817458571986,266.6666666666667
106.2074770860556,320.0
86.87288724986747,282.3529411764706
69.17344332066403,228.57142857142858
85.43933869777702,300.0
94.09674384886173,300.0
128.0249638565147,369.2307692307692
77.48254285524884,252.6315789473684
87.23789339962879,282.3529411764706
108.42900725738727,320.0
100.19751425821,300.0
102.51463111153478,300.0
64.19527484734822,200.0
95.31596785393677,282.3529411764706
77.00053534862218,266.6666666666667
81.01326909776199,252.6315789473684
119.15488983579435,342.85714285714283
77.95703242140198,240.0
88.25529613560099,282.3529411764706
77.59995272882422,266.6666666666667
102.26847805985145,320.0
93.27216299119276,282.3529411764706
107.11889383765188,320.0
82.14277242375965,252.6315789473684
97.36329695399371,282.3529411764706
99.11949888512291,300.0
95.33887489006668,342.85714285714283
109.02566926567202,320.0
74.32990015151753,240.0
88.24614101119056,266.6666666666667
81.40139555517896,240.0
106.88565245650466,300.0
113.20967955512673,342.85714285714283
73.11451134556823,240.0
60.39437895243307,266.6666666666667
70.717802420004,240.0
79.03967071459913,282.3529411764706
94.93481949025107,300.0
110.06168530656875,342.85714285714283
80.90260339151845,252.6315789473684
103.62352036959537,300.0
89.65617224782126,266.6666666666667
99.2665945787723,320.0
92.69850913779504,282.3529411764706
102.0207582829189,300.0
99.87920518332147,282.3529411764706
115.25296861153106,342.85714285714283
102.42696918672668,300.0
109.38825934729667,300.0
104.54559863048468,320.0
107.41855834369618,320.0
87.26293424952107,266.6666666666667
117.60673330247778,320.0
128.31812550301663,369.2307692307692
88.64655586227151,252.6315789473684
101.27072859035744,282.3529411764706
98.31567470719453,282.3529411764706
105.85516438793208,300.0
121.0927931195287,369.2307692307692
102.41510910269983,300.0
91.2014386531396,282.3529411764706
72.09201095599629,240.0
94.41151279803181,282.3529411764706
93.21993964769257,266.6666666666667
84.82434025150468,266.6666666666667
112.39993035748121,320.0
89.87424584184268,282.3529411764706
103.96438367348068,300.0
90.88740586244175,282.3529411764706
79.25493887691238,266.6666666666667
80.01857978418963,252.6315789473684
87.83974318027079,282.3529411764706
113.61159954759718,320.0
108.63733239246115,320.0
121.33476607835836,369.2307692307692
78.96768862467096,282.3529411764706
95.81735365249746,282.3529411764706
96.174738599974,300.0
108.6150970112794,342.85714285714283
105.49897628088883,320.0
103.19235013517391,300.0
95.65008072272367,300.0
103.8318404283615,300.0
88.79192151743712,300.0
131.2845702168234,369.2307692307692
91.54866477422746,300.0
106.50625961017424,320.0
96.57203810344056,320.0
106.34573392399473,320.0
120.47628286560808,369.2307692307692
86.95861642713213,282.3529411764706
139.40747499790035,400.0
90.33544925468368,282.3529411764706
87.2459888435099,300.0
101.5009615861182,320.0
121.32618690091671,342.85714285714283
126.44137585181826,342.85714285714283
68.87243186863611,240.0
104.3595757186585,300.0
110.85666167833578,320.0
111.01399238020268,342.85714285714283
107.69843454948409,300.0
132.40152880274587,369.2307692307692
90.95007862684672,266.6666666666667
120.6225258143866,342.85714285714283
121.79960302431459,342.85714285714283
130.6202021429438,342.85714285714283
106.66337615635607,300.0
107.43897507587981,300.0
90.15446120859536,282.3529411764706
107.7069811853045,300.0
93.88356690252316,266.6666666666667
101.20868875875016,300.0
122.12623799687225,369.2307692307692
97.65768635520014,282.3529411764706
90.77768693235986,266.6666666666667
100.9690707224542,282.3529411764706
131.55012454470702,342.85714285714283
142.13435664145197,369.2307692307692
87.78969485425459,252.6315789473684
105.77230278834357,300.0
101.8228677233993,282.3529411764706
103.59934312116533,282.3529411764706
113.05049150707032,300.0
99.22516005936427,300.0
94.60773350801212,252.6315789473684
106.87165225761906,282.3529411764706
139.116436937312,342.85714285714283
106.67467135527761,300.0
125.94877775570082,342.85714285714283
95.4467844709078,266.6666666666667
91.02486604883556,252.6315789473684
126.00410694543388,320.0
102.21174160722211,282.3529411764706
95.9169299426276,266.6666666666667
105.70858703853901,282.3529411764706
108.04524202803125,282.3529411764706
109.92230742263665,300.0
147.94787330390284,369.2307692307692
128.01309710637497,342.85714285714283
103.3257200815298,300.0
127.9076656490054,342.85714285714283
140.2982300538425,369.2307692307692
86.89850960147973,282.3529411764706
79.58587931024329,228.57142857142858
115.12339323520472,300.0
93.66677058960373,320.0
97.39652210995905,282.3529411764706
129.018759196349,369.2307692307692
106.76486781365126,300.0
107.37189918150742,300.0
108.90620169021057,300.0
113.58768409871854,300.0
108.63310146842042,300.0
87.74566104137364,266.6666666666667
112.38467155687256,320.0
114.37174900203112,300.0
102.91516562831958,266.6666666666667
119.2284665231328,320.0
125.25273889130855,342.85714285714283
83.11863204551524,252.6315789473684
110.65813747691561,300.0
102.11205520560206,300.0
82.35842880366839,240.0
94.24993212778831,266.6666666666667
87.56499797064546,282.3529411764706
111.91867933821099,320.0
133.0095304763978,342.85714285714283
99.1025333207624,300.0
83.73442790981979,252.6315789473684
124.01784143069753,320.0
97.83378524530183,266.6666666666667
107.9460878953864,282.3529411764706
86.53936436562812,252.6315789473684
116.30272756054774,320.0
152.14288779357804,369.2307692307692
121.08783937177472,320.0
107.47852517696232,300.0
102.68008107671925,282.3529411764706
110.4047891075275,300.0
101.75342799215942,282.3529411764706
94.04619337306929,266.6666666666667
138.12920229540907,342.85714285714283
135.30182156885843,342.85714285714283
128.25628418394393,342.85714285714283
134.9604556689949,342.85714285714283
108.48550296813539,282.3529411764706
108.84297130459755,300.0
104.51702930013684,300.0
134.64970692047842,342.85714285714283
132.46644699352848,342.85714285714283
123.90523012769498,320.0
146.2325322556015,369.2307692307692
124.72509354613764,369.2307692307692
158.00251813455097,400.0
141.24402984678974,369.2307692307692
140.21148557743032,369.2307692307692
117.27321393203626,342.85714285714283
157.15967039685592,400.0
110.42593998207363,300.0
127.90012900436724,342.85714285714283
120.72929274322823,342.85714285714283
112.93774251970008,320.0
118.74057848137308,320.0
116.50137995472434,320.0
87.54801350101108,300.0
124.68442344577451,342.85714285714283
114.81606454887994,320.0
118.49347766293299,320.0
80.95647737632814,282.3529411764706
124.1273319119091,342.85714285714283
102.21728104752984,320.0
86.79705997147161,266.6666666666667
114.62413113035363,320.0
124.28119394560807,342.85714285714283
138.68737320458538,369.2307692307692
126.41992415533296,369.2307692307692
77.58764634566244,240.0
107.26157061654696,320.0
152.76258202309836,400.0
106.03705069178821,342.85714285714283
97.95592367198589,300.0
84.63709096977188,300.0
115.65445902921928,320.0
121.76813533810704,342.85714285714283
124.69861811275642,342.85714285714283
110.75921722155968,342.85714285714283
125.52471817194099,342.85714285714283
127.20790648771481,342.85714285714283
129.43344401169722,342.85714285714283
123.2605366065386,342.85714285714283
132.77004195076654,369.2307692307692
115.19876810272987,342.85714285714283
94.48621118153474,300.0
141.38926662434645,369.2307692307692
155.56188515326056,400.0
103.16592381630251,282.3529411764706
116.33609742897679,320.0
78.63958080701228,252.6315789473684
109.56990514108809,300.0
128.5623247498115,342.85714285714283
108.65665609798364,320.0
88.47296720193592,282.3529411764706
110.17189124618734,320.0
134.44150558881577,342.85714285714283
133.12247216936478,342.85714285714283
97.51980357770466,266.6666666666667
138.90177531231873,342.85714285714283
107.91597368086224,300.0
89.20158640708316,266.6666666666667
134.6118881146225,369.2307692307692
119.74383428515237,320.0
114.2687039657907,320.0
91.86400927264171,266.6666666666667
115.86097560701349,320.0
139.26505415072205,369.2307692307692
101.43007638522668,300.0
121.09106919742662,320.0
122.83954558003899,320.0
100.32403485046056,266.6666666666667
133.76338994112206,342.85714285714283
103.82630672009539,282.3529411764706
83.24501968420982,252.6315789473684
95.6470319030149,266.6666666666667
121.58459451729301,320.0
144.99560349761427,369.2307692307692
110.7961995007229,320.0
115.9976713979783,342.85714285714283
120.00610282882256,320.0
128.06886072518654,320.0
106.19035801324875,300.0
119.02105892614885,300.0
106.14338938188428,282.3529411764706
93.60568455676666,266.6666666666667
105.24129795628676,282.3529411764706
128.83393851725594,320.0
106.04182689154749,266.6666666666667
98.38263148237498,282.3529411764706
128.8482197215198,342.85714285714283
113.45480755556868,300.0
127.95723629065358,342.85714285714283
90.56606022712671,266.6666666666667
98.28297818999154,252.6315789473684
136.83559229859983,342.85714285714283
128.6268729384217,320.0
125.6319157552689,320.0
132.05840701740965,342.85714285714283
145.91010092675754,369.2307692307692
116.89960648777793,300.0
113.40242976200629,282.3529411764706
100.81936677583573,300.0
115.68806848979442,320.0
129.6772572209759,342.85714285714283
115.40989138748938,320.0
107.38757358297751,282.3529411764706
97.45915872622992,282.3529411764706
109.20984110803293,320.0
101.05891498332896,282.3529411764706
135.68680711177848,342.85714285714283
158.22259179415366,400.0
141.7658091959847,400.0
139.67383904702442,369.2307692307692
141.563452651681,369.2307692307692
126.45569305479742,320.0
131.9422452628576,369.2307692307692
142.70314830460623,369.2307692307692
131.39215178632048,369.2307692307692
118.25242458492878,369.2307692307692
113.25063618806593,320.0
143.36991512521976,369.2307692307692
120.77000952070667,320.0
100.11874256126805,300.0
131.68058202806705,342.85714285714283
154.26186801839262,369.2307692307692
119.38489851972336,342.85714285714283
98.82921750747616,282.3529411764706
117.17122200768507,320.0
125.77834353943298,320.0
125.4415994801979,320.0
122.08777833595636,320.0
151.42265695726994,369.2307692307692
102.77810955685239,282.3529411764706
124.67026908212807,320.0
116.48398517395995,300.0
140.53537166098292,342.85714285714283
134.19798650304682,320.0
157.25470198855126,369.2307692307692
115.12471977178984,282.3529411764706
137.1160631523601,342.85714285714283
111.39723357033051,282.3529411764706
109.55309707413141,282.3529411764706
171.8496949445756,400.0
126.75125694471579,320.0
119.16065505402726,300.0
112.09955837910206,300.0
135.96577551709274,320.0
141.28715447861606,342.85714285714283
118.89665620976629,300.0
97.8472297598673,282.3529411764706
140.75247270951053,342.85714285714283
123.2008893678263,300.0
106.63260183992989,266.6666666666667
119.30887373245977,300.0
110.45378595396994,282.3529411764706
100.59046332389299,266.6666666666667
135.61779571346815,320.0
168.18440915404616,400.0
98.03396355411142,266.6666666666667
132.61855134060886,320.0
154.17985263107428,369.2307692307692
132.33101317497787,320.0
157.16583378539065,369.2307692307692
160.49612730423738,369.2307692307692
107.34220867664544,282.3529411764706
153.99343960965624,369.2307692307692
157.67815555348022,369.2307692307692
144.4270681601045,342.85714285714283
116.83191540835438,300.0
133.42721953046774,320.0
120.88572561474167,320.0
105.59187211664248,266.6666666666667
108.82239875498787,266.6666666666667
118.1196851829597,282.3529411764706
108.59283998262744,282.3529411764706
107.41811424913608,266.6666666666667
131.35000056203359,320.0
114.43087520134861,300.0
98.82982395679625,266.6666666666667
118.96017154524996,282.3529411764706
120.30692251000609,300.0
133.80552822605196,320.0
116.19478787045513,282.3529411764706
122.45014669868957,300.0
133.7273469965477,320.0
143.67479587521146,342.85714285714283
140.49778696590778,342.85714285714283
136.55119372978882,300.0
96.34250158977385,252.6315789473684
155.5539673036694,369.2307692307692
124.04979632168116,300.0
128.7560084470898,320.0
149.96115446882868,342.85714285714283
165.31390155328063,369.2307692307692
108.35689133754842,266.6666666666667
91.2455859094799,240.0
103.94441419378035,252.6315789473684
123.38524813489069,282.3529411764706
126.72304154483265,282.3529411764706
155.2430721167636,369.2307692307692
118.45017312474143,282.3529411764706
136.72242287924823,320.0
87.39616032187077,218.1818181818182
116.69480023026219,282.3529411764706
90.46637477894379,228.57142857142858
79.83589143629914,208.69565217391303
122.8986039464771,300.0
144.32629078463455,320.0
124.87375694214386,282.3529411764706
117.71916192398842,282.3529411764706
109.22359370496036,266.6666666666667
142.03925875454897,320.0
120.07625541785342,282.3529411764706
138.07287273379603,320.0
119.93302946565402,282.3529411764706
113.650088201515,282.3529411764706
89.80657092151668,252.6315789473684
115.14585353929833,282.3529411764706
144.1878386081099,369.2307692307692
127.22610828079642,320.0
138.07410217319958,320.0
122.5542806884631,320.0
92.37770443036042,252.6315789473684
113.67253983971696,282.3529411764706
100.21174513278751,240.0
125.11149248888742,282.3529411764706
110.42530166707746,252.6315789473684
96.36213769536293,228.57142857142858
144.30068794481605,320.0
108.41966964002188,282.3529411764706
111.76379475270292,282.3529411764706
101.24766958773047,252.6315789473684
91.07754386324605,228.57142857142858
116.97322014178066,282.3529411764706
118.90345794792024,320.0
132.28433669604624,300.0
118.73529374009573,300.0
100.72842911652545,252.6315789473684
125.85094768687735,320.0
155.16590724412706,369.2307692307692
136.0458060655393,320.0
159.94795723540545,369.2307692307692
162.98231783194146,369.2307692307692
121.3048686096619,300.0
116.15180267270975,282.3529411764706
123.49257810565288,300.0
117.06542963307501,300.0
121.31031294625487,300.0
152.55325712259955,342.85714285714283
158.5544349150196,369.2307692307692
124.10615496976385,300.0
119.2931788951714,300.0
128.2522317942303,320.0
133.3564564037692,320.0
93.97000875546254,266.6666666666667
104.80437077379435,266.6666666666667
129.03015054019755,300.0
110.6783589976152,266.6666666666667
157.2971308744631,369.2307692307692
142.10869161771018,320.0
126.56812595203309,300.0
123.13931186786334,300.0
120.35193228332318,300.0
112.93781974571249,282.3529411764706
151.93105200756918,369.2307692307692
129.93435988271258,320.0
91.23469606642993,240.0
135.38078925269718,342.85714285714283
153.85401978773893,400.0
119.31317872117084,300.0
111.49159220783878,282.3529411764706
116.30030082423283,266.6666666666667
122.13827634498924,320.0
166.6788447956849,369.2307692307692
98.35466371159677,266.6666666666667
139.97809079143119,320.0
143.5742712232656,369.2307692307692
125.50588982936647,320.0
129.20326629432333,342.85714285714283
135.0398544383472,320.0
117.95005821300168,300.0
133.66089257320291,320.0
128.50425906983173,300.0
129.34884542910393,300.0
114.88467808376286,300.0
178.1928993512349,400.0
148.58087749293037,320.0
124.31243641629857,300.0
93.09020491201508,240.0
117.53913245662694,282.3529411764706
141.1507757730604,369.2307692307692
130.64182354707674,300.0
115.1597575324606,282.3529411764706
158.66030282784115,342.85714285714283
126.7169857126732,320.0
134.72407961509512,342.85714285714283
140.1143311213782,342.85714285714283
151.0188352174865,342.85714285714283
136.97994497172292,342.85714285714283
120.2234097856647,300.0
146.37498068176237,342.85714285714283
98.7758055300842,252.6315789473684
149.13285993737142,369.2307692307692
147.6948536969116,342.85714285714283
128.26837531311116,300.0
146.87156578118316,342.85714285714283
98.67315055813313,266.6666666666667
135.00630982907578,320.0
108.2764532105048,282.3529411764706
126.05235292726529,300.0
174.1205623427504,400.0
122.8083012311271,300.0
122.6524833065177,300.0
153.9126474206877,342.85714285714283
132.61254358085637,300.0
117.27523654934258,300.0
134.9936885554528,342.85714285714283
108.03352811178289,266.6666666666667
106.04346292859135,282.3529411764706
118.5558814567579,282.3529411764706
132.93453095714762,300.0
102.28203591573357,266.6666666666667
118.60731549817007,300.0
108.81080009257514,266.6666666666667
118.62460497434769,300.0
128.30990976620382,320.0
124.7444435796343,300.0
105.90754485525778,266.6666666666667
115.00937225886186,282.3529411764706
141.2922296483096,342.85714285714283
152.28549697805425,369.2307692307692
127.03614719855834,342.85714285714283
105.03148229202974,300.0
117.3060307689779,320.0
123.96301150262909,300.0
152.11298074444,369.2307692307692
133.34811791622897,320.0
126.31487438004055,342.85714285714283
125.44023942249687,300.0
131.17301185169978,320.0
135.93883593349736,342.85714285714283
135.6733198873026,320.0
131.15378839411167,320.0
103.06489541691775,266.6666666666667
110.51573543685218,282.3529411764706
120.72493230370019,300.0
77.37010297040442,208.69565217391303
121.08705158466603,300.0
126.36174335378557,320.0
134.85632432605468,369.2307692307692
154.1698393713483,369.2307692307692
161.7741181654392,400.0
137.44222896659898,342.85714285714283
118.79861357195126,320.0
133.89116973060283,342.85714285714283
106.58306549148918,300.0
172.79092141854008,400.0
122.27410134754577,320.0
159.46261634103797,369.2307692307692
120.69306170914786,300.0
134.2265030151373,320.0
83.12342125734922,228.57142857142858
146.79603435486342,342.85714285714283
98.15900407863839,266.6666666666667
