ep_returns,ep_lens
-23.24977583853308,50.526315789473685
-23.30139254399866,51.06382978723404
-23.261178582264456,51.06382978723404
-23.34388649397127,50.526315789473685
-22.694684451553126,50.0
-22.210591959184153,48.97959183673469
-22.11671818280314,50.526315789473685
-21.060134776460124,48.97959183673469
-21.771529509747694,50.0
-20.81693774361157,48.97959183673469
-20.695149992764076,49.48453608247423
-20.40195658792522,48.97959183673469
-19.96548581976802,48.484848484848484
-19.68369135540347,47.524752475247524
-18.763698076635105,46.601941747572816
-18.701726682530975,47.524752475247524
-18.36970247963751,46.601941747572816
-17.965776752618723,44.85981308411215
-17.924970775854895,46.601941747572816
-17.559022653891077,45.714285714285715
-17.305133569024814,45.714285714285715
-17.631832904977664,47.05882352941177
-17.16424625479413,47.524752475247524
-16.491019693076645,46.15384615384615
-16.468303191278444,45.283018867924525
-16.46456319795661,46.601941747572816
-15.785494881620611,45.714285714285715
-15.586658959252835,44.03669724770642
-15.927405058561398,45.714285714285715
-15.905987749243355,47.05882352941177
-15.169514347322117,45.283018867924525
-15.19525781524785,45.714285714285715
-14.823488680763994,44.44444444444444
-14.877940718086167,43.63636363636363
-14.960843150432408,45.714285714285715
-14.375932751052868,43.63636363636363
-14.293931751388694,44.03669724770642
-14.005409384510967,42.857142857142854
-13.926849621783223,43.63636363636363
-13.849718009815213,44.85981308411215
-13.69625387790814,44.03669724770642
-13.447321705132099,42.857142857142854
-13.441341075802852,42.47787610619469
-13.356000226195999,42.47787610619469
-12.810389862055814,42.10526315789474
-12.521588789784104,42.47787610619469
-12.893649251673773,43.24324324324324
-12.342777140227128,43.24324324324324
-12.134097813385852,41.73913043478261
-12.390812923319137,42.857142857142854
-11.77342756019982,42.10526315789474
-11.562698679177345,44.03669724770642
-11.46357597451467,42.47787610619469
-11.401956918905286,42.47787610619469
-11.133304870281782,42.857142857142854
-11.444036803280584,42.857142857142854
-11.12579694635665,42.47787610619469
-10.46509563386698,40.67796610169491
-10.645523642113718,41.73913043478261
-10.82012615044197,42.47787610619469
-10.593047890504446,41.73913043478261
-10.165774702231174,41.37931034482759
-10.41493074222491,40.67796610169491
-10.21048356528256,41.02564102564103
-9.955546250547465,41.02564102564103
-10.000747121691898,42.47787610619469
-9.841911533013379,40.33613445378151
-9.628625031551215,41.73913043478261
-9.260763502034784,39.34426229508197
-9.260175224247268,40.33613445378151
-9.505873747420212,39.66942148760331
-9.212811565820413,40.33613445378151
-9.109609458895905,39.34426229508197
-8.737323521362319,40.33613445378151
-8.876421978952745,40.0
-8.772461514804638,40.0
-8.433232841737185,38.70967741935484
-8.664605877750772,39.34426229508197
-8.398135753373634,39.66942148760331
-8.34278482062558,38.4
-7.959636016006222,38.4
-7.981866416449873,39.34426229508197
-7.851476897749372,39.02439024390244
-7.923674553303191,38.70967741935484
-8.060784421163381,38.70967741935484
-7.830311828451113,39.66942148760331
-7.672361195603308,37.79527559055118
-7.527371194666276,38.70967741935484
-7.52373822526902,38.70967741935484
-7.413800641135718,38.70967741935484
-7.371345113987809,38.4
-7.333170976640715,38.4
-7.207923651025101,38.095238095238095
-6.854124724758234,37.5
-6.787386593972916,38.4
-7.059298952553943,38.4
-6.865581333108015,39.02439024390244
-6.74888666604099,37.5
-6.71958793826074,37.79527559055118
-6.559159473458618,37.5
-6.908232017183842,38.095238095238095
-6.776545205501067,38.4
-6.625227012648915,38.70967741935484
-6.211373346246038,38.4
-6.496845858040913,37.79527559055118
-6.232087981805187,37.5
-6.4456180631332005,37.79527559055118
-6.210084259372932,38.70967741935484
-6.305265194437517,38.70967741935484
-6.19378450878586,38.70967741935484
-5.985827561026536,37.79527559055118
-5.983443614354546,38.70967741935484
-5.942147121513164,38.4
-6.048248189828671,37.79527559055118
-5.874828563033065,37.5
-5.793484262973097,37.5
-5.58523747382736,37.2093023255814
-5.651465167007878,38.095238095238095
-5.673002363625536,38.4
-5.267571468343498,38.095238095238095
-5.39329852890392,38.70967741935484
-5.514198009229239,37.79527559055118
-5.419553049600781,37.5
-5.3372199525843165,38.095238095238095
-5.1620809712270415,37.79527559055118
-5.096437271980987,38.095238095238095
-5.158832301365584,38.70967741935484
-5.153317350475489,39.66942148760331
-5.077386525270186,39.02439024390244
-5.090420030493412,38.70967741935484
-5.017557007608519,39.66942148760331
-4.720860263595467,39.34426229508197
-5.0263038165537495,40.33613445378151
-4.704410266772855,40.0
-4.837808716496177,39.66942148760331
-4.7500437977939205,40.33613445378151
-4.820961037508162,41.02564102564103
-4.767761246185369,39.66942148760331
-4.429196619970803,39.66942148760331
-4.412892077802036,40.33613445378151
-4.44118431296911,41.73913043478261
-4.2676007604278885,42.10526315789474
-4.496638988854222,41.02564102564103
-4.311012929520499,40.0
-3.949024346877031,42.10526315789474
-4.2428348906281,41.37931034482759
-4.323610738677231,41.73913043478261
-4.008635507835637,42.47787610619469
-4.14428102094577,41.73913043478261
-4.25600738431604,41.73913043478261
-3.412602901153221,41.73913043478261
-3.87255119103959,43.24324324324324
-4.087310253728598,43.24324324324324
-3.991503272338318,44.44444444444444
-3.6240817297076915,43.63636363636363
-3.435351394465632,44.03669724770642
-3.2756437037438597,44.85981308411215
-3.50825462661574,43.63636363636363
-3.0294143461613623,44.03669724770642
-3.262243917825642,42.857142857142854
-3.665583588861215,44.85981308411215
-2.9944891307726453,44.03669724770642
-3.1542758152154895,43.63636363636363
-2.8305187843840014,44.85981308411215
-3.0897375958834417,43.24324324324324
-3.3184829464650707,44.85981308411215
-3.0016448505389217,46.601941747572816
-3.5261121236746513,45.283018867924525
-3.022810235989411,46.15384615384615
-2.510148202069061,45.714285714285715
-2.4956574488812064,45.714285714285715
-2.617813863526981,44.85981308411215
-2.63631977123051,45.283018867924525
-2.955792241304133,45.714285714285715
-2.39169702893249,46.15384615384615
-2.387717443229766,44.44444444444444
-2.44032059550349,47.524752475247524
-2.176498422794366,47.524752475247524
-2.167436090619972,44.85981308411215
-1.9341920549042215,47.05882352941177
-1.835272831944753,47.524752475247524
-1.975640570093514,46.601941747572816
-1.6307673471553354,46.15384615384615
-1.1273484132315212,47.524752475247524
-1.461174622984651,47.05882352941177
-1.355151997381302,48.0
-2.0659517551720796,47.05882352941177
-1.4932672114474237,47.524752475247524
-1.472780541498817,46.15384615384615
-1.027699768532113,45.714285714285715
-1.449866864298576,48.0
-0.9835763739051606,46.601941747572816
-1.1409969835213358,45.714285714285715
-0.45423597984425557,47.524752475247524
-0.9310109371551214,48.484848484848484
-1.2546764423578525,47.05882352941177
-1.1808657081358511,48.97959183673469
-0.8678586967928011,48.0
-1.4582014545854511,49.48453608247423
-0.9097241084636649,50.0
-0.8651359907660864,48.484848484848484
-0.8909673135331029,46.601941747572816
-1.2473402339661026,48.97959183673469
-1.0094558445835384,48.0
-0.6841854752029994,48.484848484848484
-0.7243200926095307,47.524752475247524
-0.5008988960061687,50.0
-0.5134194058747499,49.48453608247423
-0.41676175550499944,47.524752475247524
-0.47528312684907364,50.0
-0.20838232705404905,48.484848484848484
-0.3498278594026043,48.97959183673469
-0.25876100523176926,48.97959183673469
0.3835980316754076,50.526315789473685
-0.39663097079410253,49.48453608247423
0.14509547995991204,50.526315789473685
0.20616626322505954,49.48453608247423
0.4520946395512062,50.526315789473685
0.2153891336711415,49.48453608247423
0.12000011659748247,51.06382978723404
-0.3498262696744847,50.0
-0.01717409921118606,50.526315789473685
0.29106484856288817,50.526315789473685
0.47585919911084806,50.0
0.3617231689611065,49.48453608247423
0.7253231210646128,50.526315789473685
0.7259334512788994,50.0
0.5876916694022755,50.526315789473685
0.08830050811252814,49.48453608247423
0.4192286174942329,51.61290322580645
0.8858223069392261,50.0
1.0273725349870315,51.06382978723404
0.8582576127437873,49.48453608247423
0.8177897474919467,50.526315789473685
1.1155594273564278,50.526315789473685
0.7385165941433172,51.61290322580645
1.402935122144455,50.0
0.6685107923981802,50.526315789473685
0.9800662040288853,50.526315789473685
0.6897424805124075,50.526315789473685
1.0507157465653534,50.526315789473685
1.3075212014938913,52.747252747252745
0.737788953962628,51.06382978723404
0.712474946972698,52.17391304347826
1.3761851469509112,49.48453608247423
0.9785948677739434,53.333333333333336
0.7253767173475987,53.333333333333336
0.8227208031165256,52.747252747252745
0.3846845549056505,53.333333333333336
1.4986899235162294,50.526315789473685
0.7615833845775996,52.17391304347826
1.4671966347989724,52.17391304347826
1.463118308860301,53.333333333333336
1.5796679052854021,52.747252747252745
1.5673181832125342,51.61290322580645
0.4213092248655903,51.61290322580645
1.2146377361733685,50.0
1.3700735119166882,52.17391304347826
2.013224671433383,51.06382978723404
1.8462983746893842,51.06382978723404
1.8571195729979848,52.747252747252745
1.2431282642999775,52.747252747252745
1.6196195053959208,53.333333333333336
1.8773315509521504,53.333333333333336
1.8821087897491444,52.17391304347826
2.1343082032439753,50.526315789473685
1.9157804710351187,52.747252747252745
2.2098054966619856,50.0
1.5360454775571277,51.06382978723404
1.9149000786484318,50.0
2.0640976366621073,52.17391304347826
2.1603639704523476,51.61290322580645
2.1526744590895612,50.0
2.416397611615593,51.06382978723404
2.6032718293519532,52.17391304347826
2.0961231215177314,51.06382978723404
2.073561198644402,51.61290322580645
2.230963858066756,50.526315789473685
2.465359889924541,51.06382978723404
2.860157094146289,51.61290322580645
1.4695042776743368,52.747252747252745
2.317152977411167,53.333333333333336
2.411429452257316,54.54545454545455
3.407028972366173,52.17391304347826
2.51943750518706,53.333333333333336
2.57895307665913,52.747252747252745
2.0050511750759483,55.172413793103445
3.3966794486116765,52.747252747252745
2.70067362506182,53.93258426966292
3.0277391696005886,52.17391304347826
3.2432250040863235,52.17391304347826
2.8146922473905454,52.17391304347826
2.9640736336172604,51.61290322580645
3.065750663244367,51.06382978723404
3.1823129099284673,54.54545454545455
2.979377517387181,54.54545454545455
2.4818186452468534,55.81395348837209
2.91679060130921,53.93258426966292
2.8800311356336734,52.747252747252745
2.567031089691601,55.172413793103445
4.089881803190649,53.93258426966292
3.126258886168252,56.470588235294116
3.225083398870081,51.06382978723404
3.948263002209067,54.54545454545455
3.4343361115163735,53.333333333333336
3.1478115924687673,56.470588235294116
2.9827296550082076,57.83132530120482
3.456553469453955,57.142857142857146
2.771551697668824,60.0
3.7930347834159694,56.470588235294116
3.029748487474124,57.83132530120482
2.6527598613856744,56.470588235294116
2.2663008246781944,57.142857142857146
3.194380035901312,56.470588235294116
3.6421831326642526,58.53658536585366
3.145497147297891,55.172413793103445
3.3938270548049214,55.81395348837209
3.326754702104316,54.54545454545455
3.6628874127737188,53.333333333333336
3.08424455079944,55.81395348837209
3.9293875869289767,54.54545454545455
4.195064509183288,56.470588235294116
4.264311105303369,53.333333333333336
4.186332721184938,57.142857142857146
4.284585196020779,54.54545454545455
4.134340284326597,55.172413793103445
4.176161112269184,54.54545454545455
3.4101788730626765,55.81395348837209
3.8802295187635387,56.470588235294116
4.029518167111779,56.470588235294116
4.607317764941261,59.25925925925926
4.918823785751135,55.172413793103445
4.111043841292095,59.25925925925926
3.757846725170367,58.53658536585366
3.6820018533118963,57.142857142857146
3.9530003555318713,57.83132530120482
4.076248004730152,55.81395348837209
3.098402047301159,57.142857142857146
4.53160863524768,55.81395348837209
4.736948055843101,56.470588235294116
4.800927340132341,56.470588235294116
4.487109058486167,55.81395348837209
4.921150257648685,56.470588235294116
4.01122920145899,56.470588235294116
4.403688442878773,56.470588235294116
4.9546641451529165,59.25925925925926
4.688852548580916,57.83132530120482
5.045681738072411,59.25925925925926
4.810054517333478,55.81395348837209
4.7257833732812236,62.33766233766234
5.630474824113645,59.25925925925926
3.8556303456394465,64.86486486486487
3.5681550043895185,64.0
5.9349704984441525,61.53846153846154
5.448782389683134,60.75949367088607
5.3693986143559265,63.1578947368421
5.133946902309221,66.66666666666667
5.989346407075704,66.66666666666667
6.007866044781196,62.33766233766234
4.947304810714509,67.6056338028169
5.420840973152477,63.1578947368421
5.798427617339026,64.0
5.7755162602302725,61.53846153846154
6.268086654877467,64.0
6.120255752449801,64.0
6.1033750169594745,63.1578947368421
4.794865490559818,64.0
6.084416432361535,64.0
6.223478767384153,64.0
6.468914363395955,64.86486486486487
6.035749889199983,64.86486486486487
6.040523082786014,66.66666666666667
5.837147825149769,64.86486486486487
6.230082889399603,65.75342465753425
5.76623104652399,67.6056338028169
5.277079967680772,65.75342465753425
6.507110777656782,64.86486486486487
5.815055318391375,68.57142857142857
5.85269079538272,63.1578947368421
5.476485365926159,64.86486486486487
6.05489485552101,65.75342465753425
6.678469595399791,61.53846153846154
5.667497517932281,62.33766233766234
6.2597761130612355,67.6056338028169
6.6227610239749035,62.33766233766234
6.95251931970762,65.75342465753425
5.752975979021007,65.75342465753425
7.219192854264662,66.66666666666667
5.918170239474999,66.66666666666667
6.193539046895644,70.58823529411765
6.911586180834254,68.57142857142857
6.497230037134048,69.56521739130434
7.208407461395817,70.58823529411765
5.362892582164618,70.58823529411765
6.452768378373274,71.64179104477611
7.49037825784768,72.72727272727273
5.91152880917377,69.56521739130434
8.105199404871053,72.72727272727273
6.322381440467509,72.72727272727273
7.140678717630984,72.72727272727273
6.584548704333092,73.84615384615384
6.922851912242444,71.64179104477611
7.116669083232906,72.72727272727273
7.1128310491759805,72.72727272727273
6.848287057580998,71.64179104477611
7.248896193998659,71.64179104477611
7.450012824366011,73.84615384615384
7.413211747600062,71.64179104477611
8.125454062687373,75.0
9.07026741933594,80.0
8.4013433039997,75.0
6.997358647898158,75.0
8.935352438108712,77.41935483870968
9.840198610527978,82.75862068965517
9.160413992458658,78.68852459016394
8.20593388650483,80.0
8.71303229531367,76.19047619047619
7.363432274388713,75.0
7.976188650718672,75.0
9.192722107339078,77.41935483870968
8.468046517251056,77.41935483870968
8.662867514351237,72.72727272727273
8.552953677075456,78.68852459016394
7.811164755441769,73.84615384615384
8.547064341405983,77.41935483870968
8.794064764851552,75.0
8.572415098262049,75.0
8.612318988292795,75.0
9.100202008842746,76.19047619047619
9.77598644525344,80.0
10.39818032360252,85.71428571428571
10.048294214842603,81.35593220338983
8.874391224402471,81.35593220338983
8.702715287709243,81.35593220338983
8.78666928365011,84.21052631578948
8.219802843847893,80.0
8.555916012573725,84.21052631578948
9.898108112682202,84.21052631578948
10.470677966359808,82.75862068965517
8.705548067166259,76.19047619047619
8.766884390290937,76.19047619047619
10.05581086672628,78.68852459016394
9.90609258375041,80.0
8.348236256251912,80.0
9.810379454409896,81.35593220338983
10.320132928018625,80.0
10.645914193973878,78.68852459016394
10.81789533095518,85.71428571428571
9.42588769737487,82.75862068965517
10.389423393194248,87.27272727272727
8.54996957099639,78.68852459016394
9.33777957943943,85.71428571428571
10.671367740876887,90.56603773584905
11.028854746914407,88.88888888888889
10.631892703047951,85.71428571428571
10.61413463845837,90.56603773584905
12.188298106842808,92.3076923076923
9.117344947719445,97.95918367346938
10.388251088137789,85.71428571428571
11.305877151905982,94.11764705882354
11.412250710616759,96.0
10.958621232946339,92.3076923076923
12.380422413609177,109.0909090909091
11.677367540675313,100.0
11.36267165464041,96.0
11.074726805169778,102.12765957446808
12.331248150678878,96.0
10.51145322065155,96.0
8.423314938107168,85.71428571428571
11.758228542940095,92.3076923076923
9.304643966627378,92.3076923076923
12.333397566489616,96.0
12.913311615231716,94.11764705882354
11.07924405255708,90.56603773584905
11.538012493555721,94.11764705882354
14.542503881076014,104.34782608695652
11.166165381345317,96.0
11.607477618391774,100.0
12.110426429883622,106.66666666666667
11.99025710283434,100.0
11.19747467396372,100.0
10.951593256854594,96.0
11.93132798463533,100.0
12.050219670112453,100.0
11.194161946940326,102.12765957446808
11.042452542719747,102.12765957446808
13.417334544266373,111.62790697674419
12.348419503123052,106.66666666666667
11.133089662948406,111.62790697674419
10.741106918578511,104.34782608695652
13.031596264221239,123.07692307692308
14.12153643966183,114.28571428571429
16.121582017720055,133.33333333333334
16.91639564779204,129.72972972972974
14.760467703041611,117.07317073170732
10.883692091732906,111.62790697674419
14.446537119174808,117.07317073170732
10.513054242473075,126.3157894736842
13.267298918601712,117.07317073170732
11.51620044747707,109.0909090909091
12.597157151960884,117.07317073170732
10.596066354080373,100.0
13.664623453333105,104.34782608695652
11.795146745278837,111.62790697674419
14.85018817958108,111.62790697674419
15.83710836144824,123.07692307692308
14.403606475255762,120.0
17.129780639594735,145.45454545454547
15.113933889215568,120.0
13.465201779777761,111.62790697674419
13.210124065830275,117.07317073170732
10.634198336652059,133.33333333333334
15.905302661920535,114.28571428571429
13.97289371881234,114.28571428571429
14.423901907619713,114.28571428571429
15.050900964528182,137.14285714285714
14.704086414555219,123.07692307692308
15.069060993326643,123.07692307692308
16.20350996880124,117.07317073170732
12.703326629268135,109.0909090909091
14.928178280897772,120.0
16.4636019019325,117.07317073170732
14.5402458071271,111.62790697674419
15.260228418790946,126.3157894736842
14.667516695683384,126.3157894736842
13.791120031401565,111.62790697674419
16.556452247184616,114.28571428571429
15.20916910060853,117.07317073170732
17.92305511526221,129.72972972972974
17.373884377528018,126.3157894736842
14.948392140006455,117.07317073170732
14.913168905000607,123.07692307692308
17.218138046691607,129.72972972972974
14.637894678425532,129.72972972972974
12.068635702281004,111.62790697674419
17.174546613090506,133.33333333333334
15.03538363406777,126.3157894736842
14.097621205338049,120.0
13.124126869733706,126.3157894736842
14.585937921307139,160.0
20.199082908573796,171.42857142857142
17.404444173999153,177.77777777777777
11.790749172055152,133.33333333333334
15.524618980812999,160.0
15.069855342413556,141.1764705882353
16.51681345368531,150.0
21.497183691242924,150.0
14.451508827415989,137.14285714285714
13.614142841739405,126.3157894736842
20.13340688298948,154.83870967741936
18.51231901740194,150.0
19.405010204842547,145.45454545454547
14.840322673834649,126.3157894736842
19.358557930905242,160.0
19.387190980950017,141.1764705882353
16.665018604463135,150.0
16.257542417233804,137.14285714285714
18.76819029652767,133.33333333333334
21.35258922741552,150.0
15.373225798239467,126.3157894736842
15.734643066155684,120.0
12.512590586968054,120.0
19.164899525308225,137.14285714285714
16.58145660147717,133.33333333333334
12.931216380109946,133.33333333333334
14.381248680497706,126.3157894736842
18.403256689623362,126.3157894736842
15.652892151536898,114.28571428571429
17.173774519465965,123.07692307692308
15.244189950009986,126.3157894736842
14.696823808452827,126.3157894736842
13.009561010868074,117.07317073170732
15.393287142026534,120.0
16.20886044054988,117.07317073170732
14.408648548059357,120.0
17.480456114463006,129.72972972972974
15.780340902090913,111.62790697674419
12.688676008733749,123.07692307692308
13.594070014266475,109.0909090909091
12.564477990150648,106.66666666666667
15.310059346147375,129.72972972972974
16.56849527181144,137.14285714285714
15.90181410859314,126.3157894736842
15.545927311342316,120.0
14.05305385241758,111.62790697674419
16.030672022166904,120.0
19.025705872291258,126.3157894736842
15.549547647666069,123.07692307692308
18.93630751306876,133.33333333333334
13.193027756049588,123.07692307692308
15.471641406878911,117.07317073170732
13.757934043566017,109.0909090909091
15.194495546392664,123.07692307692308
17.62334175377854,120.0
16.96299886964967,117.07317073170732
15.254804266641319,114.28571428571429
14.112408096621996,120.0
17.32180184309307,117.07317073170732
19.01414135953388,117.07317073170732
17.774784234829824,120.0
17.03512505911554,126.3157894736842
17.223843013896474,120.0
19.727730962338324,117.07317073170732
14.858388799427765,109.0909090909091
14.718288292928582,104.34782608695652
18.43523935236411,117.07317073170732
16.61261945075653,104.34782608695652
17.264544632652225,117.07317073170732
14.684000508110962,109.0909090909091
15.251272539640487,123.07692307692308
20.089284160829408,133.33333333333334
21.37678963413377,133.33333333333334
12.970505195592077,123.07692307692308
21.119119009869124,133.33333333333334
20.784032234006226,129.72972972972974
17.35573801773043,126.3157894736842
17.14181443087115,126.3157894736842
22.002900494009392,145.45454545454547
19.40309576592436,141.1764705882353
18.32292557047296,126.3157894736842
17.49898906889103,114.28571428571429
18.042988863117905,117.07317073170732
16.662454504548855,106.66666666666667
16.610755691874658,106.66666666666667
20.34463411121995,120.0
19.241852805170275,117.07317073170732
17.758557019023993,117.07317073170732
17.963049570458804,123.07692307692308
21.244165173068353,126.3157894736842
20.7497281577523,133.33333333333334
20.247864323869397,129.72972972972974
19.523940203014806,129.72972972972974
18.370163806997425,126.3157894736842
22.35507327160694,141.1764705882353
16.099202439688987,129.72972972972974
16.464433287656714,126.3157894736842
16.92377189715346,123.07692307692308
17.857245320948945,117.07317073170732
18.89587635655243,123.07692307692308
19.898336821309087,141.1764705882353
16.4478791174273,129.72972972972974
17.87822258108178,129.72972972972974
19.970771584835216,137.14285714285714
17.99659916639943,133.33333333333334
24.15731690040866,150.0
18.839328011321875,129.72972972972974
18.919114493343407,137.14285714285714
19.47181934841541,133.33333333333334
19.739546612268764,137.14285714285714
19.790802380459883,145.45454545454547
21.142847725944797,150.0
25.934573062765573,165.51724137931035
19.65616281398682,177.77777777777777
18.203796624712844,154.83870967741936
25.867954117926093,177.77777777777777
19.11908575238643,160.0
17.058659887289338,141.1764705882353
22.769077009488424,184.6153846153846
27.265520373374496,184.6153846153846
18.919957930492004,177.77777777777777
20.812715366697663,165.51724137931035
24.097711514478018,160.0
19.85670479639155,154.83870967741936
15.717681620020041,154.83870967741936
18.102581059081835,160.0
19.7336256199063,150.0
18.859065357072808,137.14285714285714
20.17317708522844,141.1764705882353
23.053680772736982,160.0
24.916798097923113,150.0
26.533565198773587,150.0
14.650862880143396,133.33333333333334
20.318182602312,145.45454545454547
18.339558997845447,137.14285714285714
19.278403089606943,137.14285714285714
20.08739935074086,141.1764705882353
15.364478031864438,109.0909090909091
20.14458425928354,141.1764705882353
23.04390210441861,133.33333333333334
18.64200697981681,123.07692307692308
19.199418924360153,126.3157894736842
22.30809091856561,133.33333333333334
20.78219954422983,133.33333333333334
20.183055265948767,133.33333333333334
26.156218781903142,150.0
20.877013971227242,133.33333333333334
21.80995005091881,145.45454545454547
23.807964375167483,145.45454545454547
23.596992284623255,160.0
22.743041793444227,150.0
23.274313274822777,154.83870967741936
22.51372241232975,160.0
18.02721889124454,165.51724137931035
19.449882948911746,165.51724137931035
30.67561821271139,208.69565217391303
25.47814797967375,192.0
14.877372667781607,177.77777777777777
19.346012274200234,150.0
23.291431965369362,177.77777777777777
19.667641800172937,137.14285714285714
21.43510295778883,154.83870967741936
17.195492668485883,129.72972972972974
21.846637881844533,160.0
19.432877154065487,129.72972972972974
20.626539147783213,141.1764705882353
16.065288411888915,145.45454545454547
27.206449183300403,165.51724137931035
31.788051982953906,192.0
21.540079183870365,154.83870967741936
22.2455092447359,150.0
31.3342203471919,177.77777777777777
20.13682264103351,141.1764705882353
22.990017879694353,150.0
29.060412154834225,165.51724137931035
26.65743604317045,165.51724137931035
22.486035560592715,154.83870967741936
26.081870141251773,150.0
24.4800092458286,160.0
20.68663223692313,145.45454545454547
28.201574192367865,177.77777777777777
23.993158498079943,154.83870967741936
26.913745442542748,154.83870967741936
22.86330817893579,145.45454545454547
29.004388037968532,171.42857142857142
23.487498130530106,150.0
29.37306940706163,171.42857142857142
27.566366151365415,165.51724137931035
26.779317651512862,171.42857142857142
28.587442816297315,177.77777777777777
25.95682097649289,160.0
28.679646698537294,177.77777777777777
28.67407320498734,165.51724137931035
24.69020656153562,154.83870967741936
26.51407338838522,165.51724137931035
22.725722771113805,145.45454545454547
24.664181993317133,145.45454545454547
18.675980296415716,137.14285714285714
27.227041084221696,154.83870967741936
25.11380444655947,160.0
25.769379424339693,165.51724137931035
23.78350804297492,145.45454545454547
23.447462771041526,145.45454545454547
26.211243279475738,160.0
28.03925164852274,177.77777777777777
21.703774312767216,154.83870967741936
20.34190268744514,154.83870967741936
27.667392272650904,171.42857142857142
24.261667047592802,171.42857142857142
23.22898729316843,150.0
20.492022885667776,154.83870967741936
29.538321131058566,165.51724137931035
20.199031468599138,150.0
26.190515989700295,160.0
25.4437335195988,171.42857142857142
29.54991941984003,184.6153846153846
24.43828747496158,154.83870967741936
26.840904678934493,171.42857142857142
23.209169830611003,160.0
22.228672526800977,137.14285714285714
22.08123361179066,137.14285714285714
21.539203756389213,137.14285714285714
18.92519823550639,126.3157894736842
19.85308297062293,150.0
25.654702720985203,165.51724137931035
23.015441534923223,150.0
21.202434298270155,137.14285714285714
27.66812806866619,154.83870967741936
24.692287708961036,154.83870967741936
21.688962384456623,145.45454545454547
24.129543957608025,160.0
24.472429189638646,141.1764705882353
23.73069846364952,129.72972972972974
25.044611311573934,133.33333333333334
24.085943606740077,145.45454545454547
26.55897286875472,145.45454545454547
31.894665493266473,171.42857142857142
22.970604131951873,150.0
27.43423352160727,160.0
31.69283069402999,165.51724137931035
28.203070990895505,160.0
28.59705456238355,171.42857142857142
31.538148954730353,165.51724137931035
32.32130635929886,160.0
28.25331747101269,160.0
19.447827053608098,154.83870967741936
35.93513903794055,184.6153846153846
26.434621344391523,177.77777777777777
27.684386550993004,171.42857142857142
26.867435846743806,192.0
18.909235851392747,154.83870967741936
19.498943725686456,240.0
30.984504689284964,208.69565217391303
37.19176327179374,228.57142857142858
29.125406379632135,192.0
27.991181620455873,200.0
26.9854020431078,192.0
17.44441684045907,200.0
29.253433470328613,177.77777777777777
23.716597639394323,177.77777777777777
18.020497335055552,192.0
24.72855272593718,160.0
21.244071374081976,177.77777777777777
33.417830423982984,218.1818181818182
20.411054177105488,177.77777777777777
27.70753732628739,184.6153846153846
28.316115595031423,192.0
14.293416525155111,177.77777777777777
17.895922378753063,165.51724137931035
16.153497161466586,200.0
20.173696991559126,165.51724137931035
8.50452612429403,184.6153846153846
20.96979580561403,200.0
32.91370197717531,228.57142857142858
21.17473127602282,208.69565217391303
23.9410027535058,192.0
31.74215178455722,192.0
21.793217636346814,200.0
29.755862243402934,192.0
31.983775374261057,208.69565217391303
30.57893779512654,177.77777777777777
30.57271795244094,192.0
23.317240922553637,177.77777777777777
25.097407112607623,177.77777777777777
28.062870658596967,208.69565217391303
35.69056168894037,218.1818181818182
32.04141476040153,192.0
17.62076355455187,150.0
24.107877823286948,171.42857142857142
35.59680673402049,218.1818181818182
26.68048086519733,184.6153846153846
40.73442043977772,208.69565217391303
24.847429573998788,177.77777777777777
32.19413258926299,208.69565217391303
34.97359385136866,218.1818181818182
28.635594005113248,192.0
32.5087739314563,218.1818181818182
25.85001854887577,192.0
39.63534455283051,228.57142857142858
35.60511500203068,218.1818181818182
41.54217842652743,240.0
27.057780520613612,184.6153846153846
29.127509367669493,208.69565217391303
28.079779236024304,200.0
30.395451412575746,208.69565217391303
44.10934708801262,266.6666666666667
39.967782454003505,228.57142857142858
18.285551970030383,200.0
19.625441806751468,218.1818181818182
27.228540587258532,208.69565217391303
29.469950644487565,208.69565217391303
27.44810177895199,218.1818181818182
37.16431198724554,240.0
35.93417839850507,228.57142857142858
31.349652720756946,208.69565217391303
34.158345141348484,228.57142857142858
26.22364986010324,208.69565217391303
53.5236816048303,282.3529411764706
34.7522340149455,218.1818181818182
45.419552847494636,252.6315789473684
34.51616936534158,208.69565217391303
38.25426049359807,208.69565217391303
45.35984571470939,240.0
26.11571595580707,192.0
40.32682863294356,228.57142857142858
25.37593822551647,165.51724137931035
38.94827405999782,200.0
27.103406084529933,200.0
34.66210287895751,192.0
33.826497233845245,218.1818181818182
41.24747957151505,228.57142857142858
38.91165793655277,192.0
34.88353228466351,192.0
25.631446367930202,165.51724137931035
45.484707335915786,228.57142857142858
29.40868002022853,184.6153846153846
29.128809638939053,171.42857142857142
32.4383595370706,177.77777777777777
28.39602554953475,171.42857142857142
29.02721176295939,165.51724137931035
27.136068730748534,165.51724137931035
24.60333863190334,171.42857142857142
23.27796094675233,160.0
37.16026266833723,208.69565217391303
29.629103428319958,171.42857142857142
34.716555922055505,192.0
35.719358623366105,192.0
36.043031379291065,192.0
30.74994414522676,177.77777777777777
26.67165315942643,177.77777777777777
26.80001709338266,184.6153846153846
33.98174302198242,177.77777777777777
27.917698657723875,165.51724137931035
28.335068129379593,184.6153846153846
31.161649788455335,184.6153846153846
31.077375704082385,184.6153846153846
33.933504221176115,177.77777777777777
44.581678857182126,228.57142857142858
36.75517932806242,184.6153846153846
54.15011615608557,282.3529411764706
40.73371608400752,228.57142857142858
39.911556514166115,252.6315789473684
56.666297119378996,282.3529411764706
35.00305816330095,218.1818181818182
36.78696021123372,218.1818181818182
40.17747549333276,266.6666666666667
36.99999021130224,208.69565217391303
57.473589821214425,252.6315789473684
38.24991388906305,228.57142857142858
48.381578033844605,282.3529411764706
36.871758498180526,218.1818181818182
43.419610746138616,240.0
45.414813286606496,240.0
37.95857221876423,200.0
35.53700900874282,228.57142857142858
32.98016942443197,252.6315789473684
41.87529126829961,266.6666666666667
42.160242867416876,252.6315789473684
36.84201112793618,218.1818181818182
31.75113537946791,200.0
23.65573831520141,208.69565217391303
22.276257055021976,171.42857142857142
38.48800169950633,218.1818181818182
30.17652121315731,192.0
33.56802834194347,218.1818181818182
29.66779134771044,192.0
39.670032786861995,208.69565217391303
23.533683224986795,177.77777777777777
39.759188754963276,218.1818181818182
41.60889595109102,218.1818181818182
38.11926734947931,200.0
45.263054677739305,228.57142857142858
31.429310691091413,192.0
43.464840080101155,218.1818181818182
39.390427989191316,208.69565217391303
33.7464887006646,200.0
31.43074045545204,192.0
45.0042976652581,228.57142857142858
34.20168028513975,208.69565217391303
24.02412028056034,171.42857142857142
31.907223620853372,200.0
28.532488086727106,171.42857142857142
29.247555885023125,184.6153846153846
33.383326760427195,177.77777777777777
28.312940362741163,160.0
40.624619903971634,200.0
33.79588457678827,192.0
35.93210102810681,192.0
32.902112420792974,208.69565217391303
33.018931211658035,200.0
32.193838732095195,208.69565217391303
32.06622672682254,200.0
29.177552777339443,192.0
34.077253069519095,200.0
48.33488030738921,228.57142857142858
30.31926126378162,177.77777777777777
28.956108612885462,171.42857142857142
32.58049733103572,177.77777777777777
33.523363049118885,184.6153846153846
29.214430912290965,177.77777777777777
28.88345097540723,150.0
33.025398602920546,165.51724137931035
26.266861657545718,165.51724137931035
35.40245524481806,171.42857142857142
30.778473191694985,165.51724137931035
25.769659522720296,171.42857142857142
33.7103245213512,208.69565217391303
31.605395928187058,218.1818181818182
20.88332643760306,218.1818181818182
37.03286707336817,240.0
30.489728651912227,192.0
31.297592151140023,177.77777777777777
20.17052537185986,171.42857142857142
36.10334579031201,208.69565217391303
34.91392513497971,184.6153846153846
25.667009208646544,141.1764705882353
34.43761477935225,165.51724137931035
37.23855244737014,165.51724137931035
30.216786779253432,171.42857142857142
39.485298638060115,192.0
32.152133102758796,177.77777777777777
34.14133447101221,177.77777777777777
46.89404821498558,218.1818181818182
45.17418746049504,218.1818181818182
38.65996423623884,228.57142857142858
42.12520440663205,218.1818181818182
42.893852020426024,228.57142857142858
37.119630325653155,192.0
36.73512881741552,192.0
42.501019108398076,218.1818181818182
48.37759233188325,252.6315789473684
44.235735520451,228.57142857142858
41.927016049139155,218.1818181818182
45.97377140489658,200.0
32.14538582450781,177.77777777777777
34.02793813604574,184.6153846153846
35.49498111886181,208.69565217391303
33.04039912663379,192.0
45.7988113585534,208.69565217391303
36.88145319189655,200.0
38.077088337758056,218.1818181818182
52.12924526142686,266.6666666666667
57.88044677316388,300.0
61.044356055727505,300.0
50.47794561579961,252.6315789473684
41.295772909875446,240.0
49.374800044595794,240.0
41.7251690477426,240.0
51.437360980401614,266.6666666666667
46.79652499379287,266.6666666666667
32.10871382446428,228.57142857142858
46.25428206242544,252.6315789473684
60.23841913606621,266.6666666666667
43.23859611110553,240.0
47.11284879241259,266.6666666666667
48.93553408166743,252.6315789473684
47.590269045348236,266.6666666666667
42.03060812920107,240.0
41.732004005335405,228.57142857142858
47.42591721797504,240.0
50.64537623761105,282.3529411764706
56.21682352825259,300.0
40.67030460960116,228.57142857142858
31.00260937272074,240.0
49.927808353507054,252.6315789473684
70.04941324359034,282.3529411764706
43.48366461388865,228.57142857142858
44.422124765690135,240.0
34.678847643861694,208.69565217391303
39.03933054316361,240.0
39.8405759949142,282.3529411764706
43.84094093455055,252.6315789473684
51.76893621448299,300.0
39.51807969892219,240.0
47.41116540898931,252.6315789473684
63.648479715792526,320.0
43.88210741595715,282.3529411764706
39.543363110676,300.0
44.65020245376973,300.0
42.72463596447812,300.0
35.701090023910055,240.0
19.89046022234857,228.57142857142858
30.10375523336025,266.6666666666667
-3.2633399797589404,282.3529411764706
34.90529453569392,342.85714285714283
67.9602450085776,342.85714285714283
52.48452719702231,300.0
34.373537143494694,300.0
58.361039889391904,300.0
48.73122901885055,300.0
38.32403489052075,266.6666666666667
40.034478636758195,282.3529411764706
44.305155349215,282.3529411764706
32.911755844850845,282.3529411764706
42.590610983252745,300.0
40.74747660928585,252.6315789473684
47.16322741052102,300.0
35.82727688087564,240.0
35.78003284003869,282.3529411764706
58.180208661352026,266.6666666666667
51.32419709910632,342.85714285714283
50.39609434495057,282.3529411764706
61.78217299447475,320.0
63.2980535289793,320.0
40.506048206606515,218.1818181818182
45.81942467988271,300.0
49.11908567017366,228.57142857142858
49.99018629084581,282.3529411764706
40.901044151804186,240.0
43.65064351883947,228.57142857142858
49.39629412324508,266.6666666666667
46.399986008234734,228.57142857142858
43.009604615082026,240.0
44.42189405470856,228.57142857142858
50.98811297488413,266.6666666666667
42.851807090373164,266.6666666666667
56.14090520083108,252.6315789473684
45.09086638835491,252.6315789473684
55.99528491902021,282.3529411764706
35.02527652849496,208.69565217391303
43.93992495414148,208.69565217391303
58.07723757630105,282.3529411764706
53.907599589682306,300.0
48.93718127721106,252.6315789473684
45.932075916796094,266.6666666666667
63.598166334709916,282.3529411764706
48.201455143685486,228.57142857142858
41.243884659601825,228.57142857142858
47.33527030570815,252.6315789473684
57.90990737808397,266.6666666666667
49.30478608938504,240.0
48.688868986642504,218.1818181818182
55.10478141631144,252.6315789473684
51.215723960849985,218.1818181818182
50.99242155215465,240.0
56.40357613380495,252.6315789473684
59.96251317520434,282.3529411764706
61.061328972134454,282.3529411764706
69.88120340139429,282.3529411764706
45.307540977895265,252.6315789473684
58.982470501693065,320.0
69.28446089579677,369.2307692307692
44.584478798171304,282.3529411764706
66.21346076756619,342.85714285714283
44.80233648907234,240.0
49.03365405047688,266.6666666666667
58.62016144662195,300.0
63.90789867864809,320.0
63.17199511092143,266.6666666666667
64.67980327264767,266.6666666666667
78.48911130680781,300.0
51.421266142914554,252.6315789473684
58.03426161636438,252.6315789473684
59.95659661687695,320.0
46.522796636771545,218.1818181818182
63.38403963812501,266.6666666666667
71.08469600828306,320.0
54.84470229557333,240.0
59.88104735111794,300.0
65.3605074705601,320.0
54.581760356526146,282.3529411764706
69.80793221810353,342.85714285714283
53.17930180290522,266.6666666666667
67.79900255704032,320.0
48.780885660927474,282.3529411764706
78.15126918704428,300.0
53.26338501361437,252.6315789473684
64.35383997004766,266.6666666666667
46.30341559283521,266.6666666666667
55.103241577755234,282.3529411764706
49.9966675721235,282.3529411764706
64.1374183945501,320.0
62.191655958818956,300.0
46.58476416861798,300.0
56.02808514864818,266.6666666666667
60.64973152663732,282.3529411764706
53.62085153409697,252.6315789473684
53.53598129935533,240.0
66.3262435089108,282.3529411764706
55.16462603908403,252.6315789473684
50.21027725667467,282.3529411764706
58.51253402011713,282.3529411764706
37.36780132846914,266.6666666666667
62.0328433644583,300.0
61.80425389987093,266.6666666666667
58.549678059996594,240.0
50.84516436674577,228.57142857142858
52.44092775676036,282.3529411764706
58.331060701839235,240.0
45.95646147637423,228.57142857142858
56.14800373523824,266.6666666666667
54.357135568530865,320.0
68.31609301664321,320.0
60.32802341070754,342.85714285714283
57.00329361010672,300.0
56.66754132868747,300.0
77.76859638790594,369.2307692307692
65.34655610996062,282.3529411764706
60.522607332028116,266.6666666666667
56.97093778057518,300.0
79.94786622601441,320.0
56.1133759484196,252.6315789473684
62.888209346711484,320.0
71.76877551302002,320.0
54.198764791830044,300.0
85.56368693355957,342.85714285714283
62.463076602642936,300.0
57.981482120208504,282.3529411764706
34.716723571487954,252.6315789473684
56.605006503946015,240.0
56.94866300817208,266.6666666666667
56.73841311354889,266.6666666666667
43.85931714266389,300.0
52.31946986424814,252.6315789473684
54.07511111569212,266.6666666666667
49.78021157819605,266.6666666666667
65.81517818942048,300.0
54.8366538472562,266.6666666666667
54.3856840384141,266.6666666666667
79.53860924501572,320.0
62.10803167354953,282.3529411764706
85.20600540559258,369.2307692307692
62.50338523756191,282.3529411764706
81.06853899313339,342.85714285714283
70.39067260086088,282.3529411764706
54.280520104068465,252.6315789473684
46.634354851086314,228.57142857142858
45.10167437467237,228.57142857142858
54.096335450532635,240.0
53.007715372106375,252.6315789473684
56.761146390669886,228.57142857142858
49.72816163909904,266.6666666666667
51.70091629199633,240.0
69.51851063424945,266.6666666666667
72.74189669875175,320.0
65.83876349530487,282.3529411764706
77.22109607171056,300.0
71.61204254277257,342.85714285714283
79.9053364791883,342.85714285714283
62.19263874274433,320.0
73.06217318368309,320.0
80.91586055479787,342.85714285714283
71.96878482308286,320.0
75.10725612466173,342.85714285714283
79.96753358865693,320.0
95.53837727224662,369.2307692307692
68.66701768690034,320.0
66.92739002808676,300.0
65.66695760554754,282.3529411764706
56.52698033134416,266.6666666666667
78.34659497621107,320.0
80.83649805195762,300.0
49.34960014048323,252.6315789473684
61.8504420190755,300.0
60.83897213462724,282.3529411764706
52.680876313856515,266.6666666666667
82.76973186442419,342.85714285714283
65.3575879200925,266.6666666666667
52.387506553508956,228.57142857142858
43.910699109334644,218.1818181818182
54.700566842272984,240.0
59.44685747319484,252.6315789473684
57.17991998174647,300.0
56.2044526113484,240.0
52.464153571159905,228.57142857142858
36.089604709847826,184.6153846153846
58.50208988628153,228.57142857142858
70.48658562907156,282.3529411764706
56.167496121803424,240.0
60.151335752804066,252.6315789473684
52.17421052760532,228.57142857142858
57.28875580975624,240.0
56.72130845923108,252.6315789473684
78.40470395018427,282.3529411764706
61.28554507867348,240.0
55.33162539378966,218.1818181818182
45.773860602949824,208.69565217391303
54.26023859910657,228.57142857142858
56.3023833920074,252.6315789473684
64.225998512075,240.0
69.72414259168947,252.6315789473684
90.2653585432274,369.2307692307692
60.75965263646225,300.0
48.45244978519984,252.6315789473684
61.82784333065698,282.3529411764706
61.67525319233337,252.6315789473684
62.35739160806307,252.6315789473684
72.3074934131768,282.3529411764706
47.86187432379033,240.0
79.2795691233784,300.0
81.94577203765891,300.0
51.842412037735706,266.6666666666667
74.1777524065673,342.85714285714283
70.6462867862564,320.0
80.44894681275667,320.0
77.95212036169713,320.0
72.30345052201469,300.0
56.867196616559426,252.6315789473684
66.24173996483388,300.0
66.28304669743626,300.0
71.91754268149795,342.85714285714283
86.59241583852783,342.85714285714283
83.46891602751414,300.0
72.75969490150683,320.0
54.01386394277199,240.0
74.5960427900986,320.0
44.68312178217869,218.1818181818182
74.81517178601973,342.85714285714283
76.78677377597708,342.85714285714283
42.49583325919411,218.1818181818182
56.50280745725238,240.0
62.8933425987345,252.6315789473684
55.77515365202039,240.0
49.20976618584602,240.0
52.14944340042608,240.0
43.512556030950954,218.1818181818182
54.53292964084356,228.57142857142858
49.957726989166915,208.69565217391303
53.894516116413605,252.6315789473684
60.070127191849785,252.6315789473684
77.22783119334963,320.0
53.35708584444934,252.6315789473684
48.555706278651144,228.57142857142858
54.94611361236502,266.6666666666667
49.565748381225774,252.6315789473684
46.55206738350812,240.0
56.434415899238324,266.6666666666667
74.5353970319108,320.0
65.43981639231083,300.0
46.532419342959976,218.1818181818182
53.33058171260825,240.0
58.05778161191134,266.6666666666667
56.26818267605299,218.1818181818182
55.90221112265537,240.0
49.302817382214485,240.0
50.41589372212203,252.6315789473684
66.73686902621844,266.6666666666667
61.60183933548653,252.6315789473684
44.00938880128763,282.3529411764706
63.621447417646365,240.0
47.97215834038747,200.0
49.897498559547635,228.57142857142858
59.54388438457609,228.57142857142858
62.98475498670942,252.6315789473684
57.15077510632091,252.6315789473684
57.50224758478341,240.0
55.13430036305853,228.57142857142858
77.11934434000882,300.0
42.77977165449424,192.0
42.88851448462742,208.69565217391303
48.558764040069384,228.57142857142858
47.09695294995427,228.57142857142858
50.64017359042592,218.1818181818182
73.16894670469652,300.0
34.17635695322209,192.0
65.52615904509466,252.6315789473684
72.93389280468931,266.6666666666667
55.7003887465579,228.57142857142858
80.02201469040301,300.0
56.39124277919594,240.0
54.51931567173866,240.0
54.718768258452556,228.57142857142858
64.42225553711597,252.6315789473684
39.250272532735195,200.0
86.59481860091228,320.0
39.798295298640426,200.0
67.45439500462909,266.6666666666667
52.366104817812186,240.0
50.85909040347555,228.57142857142858
53.86239315057903,240.0
64.53384453987437,282.3529411764706
66.10650823583961,266.6666666666667
82.47707241350001,320.0
68.84938935041869,252.6315789473684
44.11081779206498,208.69565217391303
67.56284760305076,252.6315789473684
76.76560340987041,300.0
68.96142399794975,300.0
65.56539863403084,300.0
66.57653714185278,300.0
86.01947336864835,342.85714285714283
84.51985437340645,369.2307692307692
64.35352063320573,300.0
69.69015421990129,342.85714285714283
53.51381630136929,252.6315789473684
91.61085350844222,342.85714285714283
68.55957535216695,300.0
75.79277339786393,300.0
83.89561809699248,320.0
93.88575131394968,342.85714285714283
109.13642808893742,400.0
66.47973136203301,300.0
62.398150966995985,320.0
61.30519190456178,266.6666666666667
78.98756982969596,369.2307692307692
82.31508719168413,320.0
64.22432892211866,266.6666666666667
56.75553499026142,252.6315789473684
85.83913229243757,300.0
76.71339348417264,282.3529411764706
88.35203233454406,320.0
68.38584244752528,320.0
73.13383152907473,300.0
72.19384404903809,300.0
78.11099845538708,320.0
63.13977403910091,282.3529411764706
80.85647595966394,300.0
78.90579334923589,300.0
86.98762492684004,300.0
52.251518763864375,266.6666666666667
85.19402559613883,320.0
83.9529851534072,342.85714285714283
73.47561815242986,300.0
72.59480573400273,300.0
96.25224699339074,342.85714285714283
70.35804493967157,252.6315789473684
65.46625778347224,252.6315789473684
66.90943353524294,252.6315789473684
66.30305732808642,252.6315789473684
86.32258823189468,320.0
59.8775592908276,266.6666666666667
72.51766580869226,300.0
85.32448422906052,320.0
99.11808090250274,342.85714285714283
111.4429872119253,400.0
87.19779264269577,320.0
102.10828215654335,369.2307692307692
76.11581055084801,300.0
72.93702217918238,282.3529411764706
64.68063119224598,320.0
88.07535649377165,342.85714285714283
71.33661593403768,266.6666666666667
106.94634593060485,369.2307692307692
91.30825551412319,369.2307692307692
65.12953967293747,342.85714285714283
77.53023864838296,282.3529411764706
85.02774943750681,320.0
65.11327040250869,282.3529411764706
56.96362905931727,252.6315789473684
79.05047913401462,300.0
93.89217463229751,342.85714285714283
76.51740084593072,300.0
71.56123736742053,282.3529411764706
82.5862405174499,320.0
79.15889263341288,282.3529411764706
84.10741496927739,320.0
58.617259972729116,266.6666666666667
98.49302808240473,342.85714285714283
92.53112079144202,342.85714285714283
79.5663704454291,320.0
64.947492156761,320.0
84.91148818099032,300.0
61.97923557612786,266.6666666666667
64.03771210839055,266.6666666666667
74.20452868978673,320.0
92.82324910067668,342.85714285714283
96.27164688800698,342.85714285714283
107.54123651605869,369.2307692307692
99.20777539106436,369.2307692307692
83.72370857200657,320.0
52.60148982986913,228.57142857142858
100.09642820550036,369.2307692307692
67.66773478780385,300.0
79.00022834288959,300.0
58.88686300157701,266.6666666666667
78.92938101518855,320.0
76.39955058202615,282.3529411764706
95.61221754245284,342.85714285714283
86.05067151491757,342.85714285714283
94.80763097425377,320.0
71.03665959400227,300.0
109.06303022445232,369.2307692307692
101.78236492077635,342.85714285714283
77.13349206744834,320.0
94.97148088082982,342.85714285714283
74.0027260351639,300.0
88.24492415114749,320.0
63.01139606815019,300.0
86.80893135391793,320.0
72.18506319937963,266.6666666666667
105.2735464221715,369.2307692307692
87.02980980110476,342.85714285714283
121.70424838921379,369.2307692307692
62.44878770661511,282.3529411764706
97.93695225369768,342.85714285714283
103.01001870442951,320.0
100.26302604147938,320.0
71.17539363592716,266.6666666666667
81.64352421284966,300.0
77.03844362309196,282.3529411764706
81.89101527385537,300.0
95.30511439070938,320.0
78.19642235197703,320.0
73.28725755289783,266.6666666666667
76.4679782122287,300.0
71.74512990366387,300.0
83.11244803272616,320.0
80.91467354711611,300.0
82.97425676064158,320.0
74.66395208011795,300.0
64.10862380911139,252.6315789473684
93.85510791806793,320.0
72.97736124812799,266.6666666666667
75.15348837060121,282.3529411764706
85.52582308318024,320.0
58.85343182792934,300.0
80.74657063576936,300.0
71.41952526175605,320.0
62.76339089553918,266.6666666666667
73.06476902854665,282.3529411764706
94.15097668856379,300.0
88.96451952734631,300.0
87.36758731920506,300.0
92.47548105359094,342.85714285714283
70.21327839537149,266.6666666666667
94.06793339885716,320.0
78.77696212001025,266.6666666666667
94.24477795714955,320.0
79.40684031784183,282.3529411764706
102.00910944104113,342.85714285714283
89.16373243957159,320.0
96.90846642181133,369.2307692307692
90.83577468304597,320.0
92.83558466537681,342.85714285714283
120.9789509878749,369.2307692307692
81.19922843951541,282.3529411764706
128.6036085654367,400.0
118.0174781777801,369.2307692307692
81.16662405336231,300.0
97.10690591629692,320.0
106.46358994433965,342.85714285714283
125.8756809158768,369.2307692307692
77.22898504235613,300.0
91.28686200241305,300.0
100.67041581987641,320.0
68.70544088982372,320.0
103.0531746937786,342.85714285714283
95.4470561644866,320.0
93.55676707112016,300.0
85.0996792299689,320.0
110.86635719701475,342.85714285714283
95.32111118376054,300.0
80.21474181818708,252.6315789473684
90.39123849239883,300.0
98.73905162949306,300.0
100.13122167058069,300.0
96.28333902752331,300.0
101.38004396830961,300.0
93.14023069837656,282.3529411764706
63.307966324971765,252.6315789473684
79.16821949593705,300.0
81.70343523511494,266.6666666666667
83.95896697689703,320.0
75.55198481699935,282.3529411764706
98.30211681789,320.0
72.6731257948969,300.0
84.70517499634737,320.0
78.765765011762,300.0
85.37784688062959,282.3529411764706
114.00111729849472,342.85714285714283
85.26879597218792,300.0
88.19569353280032,282.3529411764706
84.00917147233768,266.6666666666667
63.963594024485744,240.0
116.41304351026777,342.85714285714283
95.63141311521132,300.0
106.30426090487566,320.0
128.37098551391375,369.2307692307692
92.13104923033973,300.0
89.29615609395019,282.3529411764706
94.52692583555385,320.0
96.22356367873232,300.0
68.73468588393209,240.0
100.81475187692455,320.0
91.55562958531564,282.3529411764706
88.61088448787814,282.3529411764706
80.0345380917208,300.0
101.7685549809173,342.85714285714283
83.5848961837757,320.0
67.90804244003473,228.57142857142858
127.5261787841273,369.2307692307692
87.06170987720091,320.0
133.95621787387444,369.2307692307692
85.83691859873814,282.3529411764706
82.91379761224988,266.6666666666667
75.67722953930179,252.6315789473684
89.33142312837838,282.3529411764706
72.27922732865281,240.0
74.15556043348204,240.0
62.97420368022201,240.0
63.1380408529668,282.3529411764706
72.57954057610945,240.0
75.15668817505036,228.57142857142858
85.99124645204562,282.3529411764706
87.5053577700104,266.6666666666667
89.44880101601701,300.0
97.84513533810716,300.0
104.58131852221817,320.0
109.63150660363365,320.0
65.0212222463379,282.3529411764706
110.91795620256342,342.85714285714283
85.45814417868752,300.0
83.66422198813935,266.6666666666667
99.10584481233643,320.0
115.61447622318026,342.85714285714283
103.57033688715616,320.0
98.61646187804574,320.0
94.956650079528,282.3529411764706
80.976083984743,300.0
90.76136738416511,282.3529411764706
113.55793603573647,342.85714285714283
109.71264049348818,342.85714285714283
75.76304266316653,252.6315789473684
71.44657409392737,252.6315789473684
78.39128167327787,240.0
99.16074286980663,300.0
105.48386157335207,320.0
88.23403698714512,282.3529411764706
52.74139756097671,266.6666666666667
89.59368455142248,282.3529411764706
86.95795414876015,282.3529411764706
72.79855370551813,282.3529411764706
120.312964387713,342.85714285714283
107.59614362810467,342.85714285714283
85.58909711929695,320.0
73.81629731853275,252.6315789473684
81.85585339629688,266.6666666666667
81.45291694526139,266.6666666666667
90.03654647610513,282.3529411764706
86.53696061645843,266.6666666666667
109.73163305436334,342.85714285714283
78.77449356420563,282.3529411764706
93.70832099741932,282.3529411764706
73.87785855917502,252.6315789473684
83.37538013212772,282.3529411764706
68.99891382953315,266.6666666666667
94.02091076538903,300.0
93.73749087417451,282.3529411764706
93.3788296025458,300.0
91.13463716604312,282.3529411764706
117.73049610139442,342.85714285714283
100.13467729407593,300.0
77.34091685834777,320.0
71.58070856402102,266.6666666666667
69.5351719951136,252.6315789473684
76.03988023970004,266.6666666666667
77.08596116310818,282.3529411764706
105.96689312763783,369.2307692307692
112.80603687059337,320.0
86.41806189540354,300.0
80.41680329186961,252.6315789473684
70.08324969636064,252.6315789473684
83.85477712899097,266.6666666666667
91.31311874717821,300.0
114.18565316473352,342.85714285714283
114.24854774708969,342.85714285714283
92.92616190444525,282.3529411764706
95.84557531982816,342.85714285714283
79.30026731891648,300.0
92.84892256917631,282.3529411764706
132.37114273039566,369.2307692307692
93.22404155282534,300.0
85.21155220020633,252.6315789473684
104.39709647426,320.0
91.58088457522251,266.6666666666667
112.48044064131344,320.0
97.14812488832737,300.0
107.35273870273008,320.0
109.78743294655433,369.2307692307692
103.78765761114029,320.0
97.25215524969882,282.3529411764706
92.50695759486922,266.6666666666667
90.06840679638765,282.3529411764706
105.63295796069178,282.3529411764706
108.01569513027499,320.0
99.3493515306956,300.0
108.40597543447956,300.0
88.43107244863735,266.6666666666667
77.66899956997268,266.6666666666667
103.08215443925388,300.0
69.79852830389055,266.6666666666667
84.98993097542719,266.6666666666667
62.52774133834589,266.6666666666667
106.58836993047129,320.0
113.6041956114084,320.0
108.17762505841722,300.0
74.17159405220993,252.6315789473684
82.93778792097775,266.6666666666667
81.5267523365874,252.6315789473684
123.79934459066534,342.85714285714283
91.99261779318653,282.3529411764706
96.71550843465639,300.0
96.14221587372242,300.0
67.55339027641044,282.3529411764706
116.51039563368646,342.85714285714283
98.99962324815908,300.0
82.89356128244523,252.6315789473684
103.60557665771445,320.0
84.6575595224976,266.6666666666667
74.60814692896865,240.0
78.22804997182755,266.6666666666667
99.78051979148242,300.0
83.40348460342902,252.6315789473684
80.67694717787651,266.6666666666667
68.66486315594213,252.6315789473684
95.0555171050765,282.3529411764706
109.49105513096949,320.0
90.96024571384841,282.3529411764706
82.38108708101703,240.0
101.59383097190693,300.0
93.24409981737294,282.3529411764706
90.94869723915004,252.6315789473684
96.96497526520808,282.3529411764706
111.80082065603389,320.0
93.34319396622645,282.3529411764706
106.54896922366919,282.3529411764706
89.69496008107288,266.6666666666667
100.62219927125513,282.3529411764706
105.9684389747099,300.0
100.33098936242786,300.0
116.79717372459102,320.0
127.6718855798741,342.85714285714283
96.19260231071425,282.3529411764706
106.39177792640442,300.0
109.72689078050324,320.0
93.07846368792558,300.0
105.0881888566085,300.0
122.00127660869784,320.0
91.08085368927416,266.6666666666667
98.63583604819125,282.3529411764706
118.02976192566484,320.0
125.30110363764827,369.2307692307692
110.68504436729242,320.0
90.51037407293177,282.3529411764706
115.12906376754378,320.0
139.28382203936175,369.2307692307692
94.49108775490579,300.0
106.79564019918338,300.0
82.23508456027608,252.6315789473684
88.62984643092138,252.6315789473684
68.44910006448843,218.1818181818182
94.83351331215002,266.6666666666667
83.60577950512221,240.0
107.6238153690046,300.0
77.72524225947873,266.6666666666667
105.81767463799147,300.0
117.72251149456093,320.0
80.71443478407741,266.6666666666667
100.09127494526331,282.3529411764706
101.7977689690558,282.3529411764706
86.85287026683953,282.3529411764706
127.07953779350113,342.85714285714283
100.39457385030393,282.3529411764706
100.58252717752771,300.0
78.6224095825958,252.6315789473684
86.65104822261446,252.6315789473684
76.46747061169535,240.0
117.62735493742247,320.0
79.64477932212885,240.0
77.4085500636171,228.57142857142858
99.34251157318735,300.0
94.72822497070648,266.6666666666667
125.922131639786,342.85714285714283
132.42528150068108,342.85714285714283
142.45547084906164,369.2307692307692
121.80280177818068,320.0
96.09329243102655,266.6666666666667
126.41368100746259,320.0
109.35881072301335,282.3529411764706
105.71408520671484,282.3529411764706
127.75763894304507,320.0
76.72894493374676,218.1818181818182
113.62963880750428,320.0
82.8075646634998,240.0
99.61793054950982,300.0
113.25897178332548,320.0
96.57425735950198,266.6666666666667
98.2490615754617,282.3529411764706
126.22961163010004,320.0
98.06575961159108,266.6666666666667
119.99018455892829,320.0
120.09094655622008,320.0
118.45876296350781,300.0
106.44201982768764,282.3529411764706
144.01321017937792,369.2307692307692
116.61662080953553,300.0
131.37443334819133,300.0
101.06232686800884,266.6666666666667
143.45578551350874,342.85714285714283
93.89745572670952,282.3529411764706
110.1966859796515,300.0
90.0655123398838,252.6315789473684
94.16061833286041,266.6666666666667
133.7724400450273,320.0
100.21307441477828,266.6666666666667
82.6154103286288,240.0
142.14113900359857,342.85714285714283
111.3549339226434,300.0
162.0360444008024,369.2307692307692
118.60346217830879,320.0
91.26827774799978,240.0
104.62226203679472,266.6666666666667
144.22133131225013,342.85714285714283
97.94686453223201,252.6315789473684
109.62919418573833,282.3529411764706
122.53946617501299,300.0
109.60630075988199,320.0
129.11732584897572,320.0
111.41319489482765,320.0
114.85708133692557,300.0
114.58931648981402,300.0
90.4779244001481,252.6315789473684
103.26009167401118,266.6666666666667
121.53070588447778,282.3529411764706
91.90891030879332,252.6315789473684
113.40641954063233,282.3529411764706
136.9000544530868,342.85714285714283
91.11236562407153,240.0
127.28895770258256,320.0
129.3630725737953,320.0
155.24900956560592,342.85714285714283
103.76515173516007,282.3529411764706
124.83873314121537,320.0
117.50669942763834,300.0
131.6132244809986,320.0
89.90818301987527,240.0
147.7782436412494,320.0
113.7384219640234,282.3529411764706
99.16493984584555,252.6315789473684
130.97471721206216,300.0
106.34874932592209,266.6666666666667
150.08747492629456,320.0
91.68247617969719,240.0
115.67027802265774,282.3529411764706
85.56349169139166,240.0
96.6948889239365,266.6666666666667
112.63783632052173,282.3529411764706
107.65928195551365,266.6666666666667
168.63500767467806,369.2307692307692
104.37453817950612,266.6666666666667
133.70510856125915,320.0
96.7927715877632,266.6666666666667
119.3297165892805,282.3529411764706
118.50857525122689,320.0
128.72212870090067,320.0
108.12804626933102,282.3529411764706
85.72465795381189,240.0
114.055447132674,282.3529411764706
122.58274206819107,320.0
111.4068297668001,282.3529411764706
126.97480867378235,300.0
137.26665867351966,342.85714285714283
133.56445303557103,300.0
87.18074125582484,252.6315789473684
104.76428031031469,266.6666666666667
119.0544039064971,282.3529411764706
169.7057982499742,400.0
93.59934120396743,252.6315789473684
135.19495183418834,320.0
163.2270279592804,369.2307692307692
145.4346566884496,342.85714285714283
159.238825082484,342.85714285714283
115.68493802263956,320.0
134.65780477993388,342.85714285714283
99.64423781876312,282.3529411764706
122.50501153664867,300.0
154.52469399422446,369.2307692307692
109.13811730375454,266.6666666666667
101.8400704386583,266.6666666666667
108.63261221289956,266.6666666666667
105.8726637894214,252.6315789473684
127.36373001728408,300.0
105.21403650397136,252.6315789473684
104.97050000322675,266.6666666666667
105.97674394956813,266.6666666666667
163.29330527936412,369.2307692307692
142.62383262844688,342.85714285714283
105.03332479258188,282.3529411764706
116.5244734933112,282.3529411764706
125.19633792241332,320.0
94.82145333582206,266.6666666666667
142.56957439109183,342.85714285714283
103.30094075582477,300.0
120.81178044644768,300.0
104.62535243482664,282.3529411764706
187.78129239031375,400.0
108.20167590170928,320.0
122.74613480772372,300.0
122.40304124432889,300.0
103.9641717027457,300.0
131.90534824076406,320.0
87.62661259416177,240.0
122.18435111706108,300.0
118.11475624029272,300.0
110.74495197552534,320.0
139.2448635677688,342.85714285714283
98.40636032634272,266.6666666666667
136.31191467633244,342.85714285714283
110.58941967163368,266.6666666666667
123.1374006825581,300.0
135.77161199059904,342.85714285714283
111.78184016556239,282.3529411764706
149.6745931864462,369.2307692307692
112.55703812668972,282.3529411764706
90.4575058365445,252.6315789473684
110.51009654589295,282.3529411764706
149.7520692546982,400.0
111.7275160091395,300.0
91.16304224016851,252.6315789473684
105.81174904713119,266.6666666666667
114.43589680129716,320.0
112.34891419524125,282.3529411764706
121.34964674935587,320.0
95.4477230067271,300.0
102.15766978427968,300.0
102.5866680820092,320.0
99.62386425376785,266.6666666666667
127.29061435965623,320.0
136.6001540135912,342.85714285714283
145.7063748697806,342.85714285714283
103.56109117315,266.6666666666667
126.75003859832805,320.0
92.17368791267992,240.0
80.5244269160092,228.57142857142858
104.02120946365166,282.3529411764706
125.68181508821304,320.0
118.66696925807385,320.0
102.62208458295709,252.6315789473684
102.32074655920883,300.0
89.57855148022357,282.3529411764706
94.92172144801003,240.0
131.15123266271613,320.0
120.66440807381495,282.3529411764706
107.68319870882172,266.6666666666667
118.51710719607956,300.0
125.14267142033648,320.0
97.87522712793236,266.6666666666667
145.79279223870194,320.0
96.06049082570702,240.0
93.15381697223427,240.0
122.03655414839668,282.3529411764706
123.89102381300799,282.3529411764706
139.32287485248062,300.0
146.3014381725058,300.0
143.5897540392034,320.0
107.54034693888609,252.6315789473684
130.23766030486286,300.0
108.85928181855039,252.6315789473684
122.80136255008932,282.3529411764706
94.6721976376893,240.0
114.99688452673102,300.0
118.74831961793396,266.6666666666667
122.10435558772858,266.6666666666667
142.10646287605744,320.0
129.95731437273383,282.3529411764706
103.88159911620627,240.0
145.26649230111127,320.0
94.62244203876185,252.6315789473684
101.76302493479415,252.6315789473684
124.15526462435989,282.3529411764706
125.2079809789872,320.0
136.72454664592914,300.0
131.76200116512524,320.0
121.82409674900796,320.0
83.47584452216874,218.1818181818182
130.69280947831555,300.0
97.4933440205614,266.6666666666667
104.5787779291312,252.6315789473684
119.23831415286509,300.0
121.61391017056616,282.3529411764706
137.5311894249157,320.0
139.7807278053179,320.0
114.13654514969683,282.3529411764706
127.25450999948495,300.0
131.39413038786685,282.3529411764706
103.34905096104252,282.3529411764706
125.02080461872792,282.3529411764706
111.27452947705736,266.6666666666667
138.01607754628662,300.0
107.85000732149881,266.6666666666667
122.38466915165314,282.3529411764706
126.25414817318992,300.0
122.38901166562864,300.0
122.16008208698133,300.0
108.19524154911062,282.3529411764706
149.70807448671076,342.85714285714283
99.37901113116665,266.6666666666667
131.56466061004568,300.0
127.62203955373108,300.0
151.0765565067601,342.85714285714283
154.0328436016175,369.2307692307692
126.17459919572364,300.0
105.2801254314445,266.6666666666667
141.06036107238387,320.0
126.25763577995392,300.0
133.44597056648323,320.0
111.01712189028183,282.3529411764706
156.6712400039806,342.85714285714283
170.70627150156326,369.2307692307692
111.59956289465086,266.6666666666667
104.77973697192981,282.3529411764706
76.11862859629727,208.69565217391303
96.4965974213762,252.6315789473684
130.92885238019238,300.0
92.96261475507299,282.3529411764706
146.39679131150635,320.0
130.6660354192396,300.0
124.39017177026635,320.0
132.95056453972822,300.0
139.652586339756,300.0
118.31570143105114,282.3529411764706
153.51706817918944,342.85714285714283
134.60214213156485,320.0
194.14677203473695,400.0
116.63996867119508,282.3529411764706
117.28725371407917,282.3529411764706
126.91180529229234,300.0
155.02660047500584,342.85714285714283
107.22663537537545,266.6666666666667
120.01550988679827,320.0
157.51354935849056,369.2307692307692
140.17465092900377,320.0
113.68026025536743,282.3529411764706
133.45379751568433,342.85714285714283
119.15119223422758,300.0
135.7023034474027,320.0
108.1431471534236,266.6666666666667
113.57149716478357,282.3529411764706
159.89054056544347,342.85714285714283
119.08226318058098,282.3529411764706
122.35115047589525,300.0
173.0088562910279,369.2307692307692
131.17052729352875,320.0
140.57700374048898,320.0
147.86134971037552,320.0
118.57617876794016,282.3529411764706
108.88531999281935,266.6666666666667
152.14970587635625,342.85714285714283
91.31101300284443,282.3529411764706
134.49213120268954,320.0
153.54566670843172,342.85714285714283
